Wavelength	c:/Users/Public/Halo/Exports/OtherFormats/Hynek_Natron_Set4/30174_HaloDefaultProject_HaloStandard-New Location 8-S_30174_0013.txt
350	 8.48864763975143E-02 
351	 8.15040990710258E-02 
352	 8.29010829329491E-02 
353	 8.53749066591263E-02 
354	 7.81870186328888E-02 
355	 7.93501436710358E-02 
356	 8.02276283502579E-02 
357	 7.47560188174248E-02 
358	 7.53493085503578E-02 
359	 7.62700662016869E-02 
360	 0.074359618127346 
361	 7.25569725036621E-02 
362	 7.34859928488731E-02 
363	 7.08787962794304E-02 
364	 6.97531551122665E-02 
365	 6.68606907129288E-02 
366	 6.50579333305359E-02 
367	 0.063238613307476 
368	 6.48414418101311E-02 
369	 6.82830139994621E-02 
370	 0.067314088344574 
371	 6.18687830865383E-02 
372	 5.96605986356735E-02 
373	 0.059841126203537 
374	 6.00485391914845E-02 
375	 6.11799582839012E-02 
376	 6.08021467924118E-02 
377	 5.95835782587528E-02 
378	 6.12414851784706E-02 
379	 6.18559345602989E-02 
380	 5.97331076860428E-02 
381	 6.04708641767502E-02 
382	 6.10454007983208E-02 
383	 5.93860261142254E-02 
384	 0.060450866818428 
385	 6.14702738821507E-02 
386	 0.059950727969408 
387	 5.71503899991512E-02 
388	 5.85087388753891E-02 
389	 6.02359920740128E-02 
390	 0.05959203094244 
391	 5.90852312743664E-02 
392	 5.88399916887283E-02 
393	 0.058329164981842 
394	 5.78778199851513E-02 
395	 0.05844946205616 
396	 5.91012723743916E-02 
397	 6.00663758814335E-02 
398	 6.01122453808784E-02 
399	 5.87937198579311E-02 
400	 5.89696876704693E-02 
401	 5.93207404017448E-02 
402	 5.90585991740227E-02 
403	 5.78886419534683E-02 
404	 5.88316023349762E-02 
405	 5.89541532099247E-02 
406	 5.86599335074425E-02 
407	 5.82424849271774E-02 
408	 5.74028193950653E-02 
409	 5.70812970399857E-02 
410	 5.71758076548576E-02 
411	 5.65874651074409E-02 
412	 5.61078898608685E-02 
413	 5.64274750649929E-02 
414	 5.69816529750824E-02 
415	 0.056405782699585 
416	 5.61723634600639E-02 
417	 5.68472184240818E-02 
418	 5.60695081949234E-02 
419	 5.60593903064728E-02 
420	 5.53236342966557E-02 
421	 5.54499886929989E-02 
422	 5.51423542201519E-02 
423	 5.47488071024418E-02 
424	 5.45325390994549E-02 
425	 5.39053604006767E-02 
426	 5.38947805762291E-02 
427	 5.41858039796352E-02 
428	 5.38419038057327E-02 
429	 5.30922301113606E-02 
430	 5.24220950901508E-02 
431	 5.22804446518421E-02 
432	 5.23581653833389E-02 
433	 5.19315339624882E-02 
434	 0.051879521459341 
435	 5.16437999904156E-02 
436	 5.11947721242905E-02 
437	 5.06792850792408E-02 
438	 5.09103871881962E-02 
439	 5.10382987558842E-02 
440	 5.09007088840008E-02 
441	 5.05447536706924E-02 
442	 5.02763725817204E-02 
443	 5.00902310013771E-02 
444	 4.97210957109928E-02 
445	 4.95651587843895E-02 
446	 4.93972301483154E-02 
447	 4.91042323410511E-02 
448	 4.89484071731567E-02 
449	 4.88555543124676E-02 
450	 4.86530028283596E-02 
451	 4.82936576008797E-02 
452	 4.81498427689075E-02 
453	 4.81948368251324E-02 
454	 4.79467436671257E-02 
455	 0.047819122672081 
456	 4.79485094547272E-02 
457	 4.80057895183563E-02 
458	 4.80776503682137E-02 
459	 4.79178130626678E-02 
460	 4.78584133088589E-02 
461	 4.78332340717316E-02 
462	 4.76408526301384E-02 
463	 4.74025793373585E-02 
464	 4.72777746617794E-02 
465	 4.72124442458153E-02 
466	 4.72173728048801E-02 
467	 4.71715405583382E-02 
468	 4.72577065229416E-02 
469	 4.71880696713924E-02 
470	 4.71069626510143E-02 
471	 4.69432100653648E-02 
472	 4.67241071164608E-02 
473	 4.65417169034481E-02 
474	 4.65227290987968E-02 
475	 4.66228798031807E-02 
476	 4.65951897203922E-02 
477	 4.64724265038967E-02 
478	 4.64265085756779E-02 
479	 4.63389903306961E-02 
480	 4.62747924029827E-02 
481	 4.62254397571087E-02 
482	 4.61785346269608E-02 
483	 0.046217605471611 
484	 4.61863316595554E-02 
485	 4.58894222974777E-02 
486	 4.58650141954422E-02 
487	 4.59104515612125E-02 
488	 0.045793529599905 
489	 4.57344613969326E-02 
490	 0.045741505920887 
491	 4.56455387175083E-02 
492	 4.54618521034718E-02 
493	 4.53676506876946E-02 
494	 0.045267466455698 
495	 4.50974218547344E-02 
496	 4.50686514377594E-02 
497	 4.48931604623795E-02 
498	 4.47924919426441E-02 
499	 4.49875518679619E-02 
500	 4.50642704963684E-02 
501	 4.50319275259972E-02 
502	 4.48839329183102E-02 
503	 4.47227992117405E-02 
504	 4.46936711668968E-02 
505	 4.44225110113621E-02 
506	 4.45141680538654E-02 
507	 4.45006862282753E-02 
508	 4.42964918911457E-02 
509	 4.41887304186821E-02 
510	 4.41577434539795E-02 
511	 4.41646836698055E-02 
512	 4.41261604428291E-02 
513	 4.40868996083736E-02 
514	 4.38901111483574E-02 
515	 4.37726750969887E-02 
516	 4.37948033213615E-02 
517	 4.37148660421371E-02 
518	 4.36865352094173E-02 
519	 0.043632660061121 
520	 4.35904823243618E-02 
521	 4.35658656060696E-02 
522	 4.34281527996063E-02 
523	 4.34258729219437E-02 
524	 4.33867685496807E-02 
525	 4.34497147798538E-02 
526	 4.34143915772438E-02 
527	 4.34186197817326E-02 
528	 4.32990901172161E-02 
529	 4.32536751031876E-02 
530	 4.32332828640938E-02 
531	 4.31886352598667E-02 
532	 4.31922152638435E-02 
533	 4.31208536028862E-02 
534	 4.30311448872089E-02 
535	 4.30480875074863E-02 
536	 4.30976115167141E-02 
537	 4.30976264178753E-02 
538	 4.30377535521984E-02 
539	 4.30591776967049E-02 
540	 4.30124253034592E-02 
541	 0.043046560138464 
542	 4.30917777121067E-02 
543	 4.30491641163826E-02 
544	 4.30350713431835E-02 
545	 4.30179797112942E-02 
546	 0.04300232604146 
547	 4.29934337735176E-02 
548	 4.29978147149086E-02 
549	 4.29612025618553E-02 
550	 4.29889410734177E-02 
551	 4.29946407675743E-02 
552	 4.29863967001438E-02 
553	 4.29831221699715E-02 
554	 4.30116094648838E-02 
555	 4.30553033947945E-02 
556	 4.31187078356743E-02 
557	 4.30429577827454E-02 
558	 4.30367738008499E-02 
559	 4.30741272866726E-02 
560	 4.30681370198727E-02 
561	 4.30991947650909E-02 
562	 4.31152395904064E-02 
563	 4.32229451835155E-02 
564	 4.32681851089001E-02 
565	 4.32668887078762E-02 
566	 4.32979166507721E-02 
567	 0.043310459703207 
568	 4.33652810752392E-02 
569	 4.33432310819626E-02 
570	 0.043372631072998 
571	 4.33948412537575E-02 
572	 4.34379018843174E-02 
573	 4.34501469135284E-02 
574	 4.34001497924328E-02 
575	 4.34323586523533E-02 
576	 4.34516780078411E-02 
577	 4.34663780033588E-02 
578	 0.043451800942421 
579	 4.34026159346104E-02 
580	 4.33726795017719E-02 
581	 4.34114411473274E-02 
582	 4.33762595057487E-02 
583	 0.043368186801672 
584	 4.33482117950916E-02 
585	 4.33015078306198E-02 
586	 4.32951711118221E-02 
587	 4.33261543512344E-02 
588	 4.33503650128841E-02 
589	 4.33155782520771E-02 
590	 4.32403981685638E-02 
591	 4.32002209126949E-02 
592	 4.32005822658539E-02 
593	 0.043153703212738 
594	 0.043151281774044 
595	 4.31043729186058E-02 
596	 4.30561266839504E-02 
597	 4.29946035146713E-02 
598	 0.042911022901535 
599	 4.29336912930012E-02 
600	 4.28566113114357E-02 
601	 4.27882000803947E-02 
602	 0.042711365967989 
603	 4.26538661122322E-02 
604	 4.26176488399506E-02 
605	 4.25947234034538E-02 
606	 4.25602048635483E-02 
607	 4.25052307546139E-02 
608	 4.24766503274441E-02 
609	 4.24429252743721E-02 
610	 4.24138493835926E-02 
611	 4.24039699137211E-02 
612	 4.23789210617542E-02 
613	 4.23443466424942E-02 
614	 4.23227176070213E-02 
615	 0.042300071567297 
616	 4.22673523426056E-02 
617	 4.22713495790958E-02 
618	 4.22453656792641E-02 
619	 4.22163642942905E-02 
620	 4.21838238835335E-02 
621	 4.21786569058895E-02 
622	 0.042188074439764 
623	 4.21866588294506E-02 
624	 4.21683415770531E-02 
625	 4.21935804188252E-02 
626	 0.042208943516016 
627	 4.22293022274971E-02 
628	 4.22293357551098E-02 
629	 4.22671549022198E-02 
630	 4.22721356153488E-02 
631	 4.22824993729591E-02 
632	 0.042317483574152 
633	 4.23429869115353E-02 
634	 4.23725210130215E-02 
635	 4.24253344535828E-02 
636	 4.24306504428387E-02 
637	 4.25005964934826E-02 
638	 4.25543859601021E-02 
639	 4.26180027425289E-02 
640	 0.042632207274437 
641	 4.26966920495033E-02 
642	 4.27633561193943E-02 
643	 4.27881553769112E-02 
644	 4.28156554698944E-02 
645	 4.28841561079025E-02 
646	 4.29503954946995E-02 
647	 4.29932549595833E-02 
648	 4.30531091988087E-02 
649	 4.31515164673328E-02 
650	 4.31909784674644E-02 
651	 4.32464517652988E-02 
652	 4.33159470558167E-02 
653	 4.34080027043819E-02 
654	 4.34696674346924E-02 
655	 0.043568205088377 
656	 4.36742939054966E-02 
657	 4.37734797596931E-02 
658	 4.38257716596127E-02 
659	 4.39005047082901E-02 
660	 4.39818575978279E-02 
661	 4.40556183457375E-02 
662	 4.41724993288517E-02 
663	 4.42375279963017E-02 
664	 4.42844964563847E-02 
665	 4.43827696144581E-02 
666	 4.44669760763645E-02 
667	 4.45506982505322E-02 
668	 4.46457043290138E-02 
669	 4.47312742471695E-02 
670	 4.48067560791969E-02 
671	 4.49070781469345E-02 
672	 4.50296439230442E-02 
673	 4.51419577002525E-02 
674	 4.52268794178963E-02 
675	 4.53671291470528E-02 
676	 4.55105639994144E-02 
677	 4.56432849168777E-02 
678	 4.57487441599369E-02 
679	 4.58489619195461E-02 
680	 4.59720976650715E-02 
681	 4.61164340376854E-02 
682	 4.62774969637394E-02 
683	 4.64008562266827E-02 
684	 4.65506017208099E-02 
685	 4.66635748744011E-02 
686	 4.67752404510975E-02 
687	 4.69406582415104E-02 
688	 4.71036806702614E-02 
689	 4.72067408263683E-02 
690	 4.73623387515545E-02 
691	 4.75486814975739E-02 
692	 4.77132052183151E-02 
693	 4.78746555745602E-02 
694	 4.80434410274029E-02 
695	 0.04821802303195 
696	 0.048383392393589 
697	 4.85500954091549E-02 
698	 0.048769649118185 
699	 4.89416047930717E-02 
700	 4.91583161056042E-02 
701	 4.93507273495197E-02 
702	 0.04951161891222 
703	 4.97207567095757E-02 
704	 4.99277263879776E-02 
705	 0.050123181194067 
706	 0.050289798527956 
707	 5.05164489150047E-02 
708	 5.07198832929134E-02 
709	 5.09283691644669E-02 
710	 5.11215813457966E-02 
711	 5.13478815555573E-02 
712	 5.15875443816185E-02 
713	 5.17972782254219E-02 
714	 5.20240105688572E-02 
715	 0.052288830280304 
716	 5.25469072163105E-02 
717	 5.27827553451061E-02 
718	 5.30298464000225E-02 
719	 5.32754510641098E-02 
720	 5.35355992615223E-02 
721	 5.37789165973663E-02 
722	 5.40034510195255E-02 
723	 5.42983673512936E-02 
724	 5.45749254524708E-02 
725	 5.48654645681381E-02 
726	 5.51711358129978E-02 
727	 5.54819442331791E-02 
728	 5.57637326419353E-02 
729	 5.60654997825623E-02 
730	 5.63917756080627E-02 
731	 0.056682825088501 
732	 5.69828040897846E-02 
733	 5.73044046759605E-02 
734	 5.76707608997822E-02 
735	 0.058027345687151 
736	 5.83776533603668E-02 
737	 5.87288439273834E-02 
738	 5.91194778680801E-02 
739	 5.94985149800777E-02 
740	 5.98806589841843E-02 
741	 6.02855235338211E-02 
742	 6.07169233262539E-02 
743	 6.11645095050335E-02 
744	 6.15981109440327E-02 
745	 6.20171613991261E-02 
746	 6.25158548355103E-02 
747	 6.30166754126549E-02 
748	 6.34487271308899E-02 
749	 6.39065206050873E-02 
750	 6.43979534506798E-02 
751	 6.49207755923271E-02 
752	 6.54480904340744E-02 
753	 6.59633949398994E-02 
754	 6.65050372481346E-02 
755	 6.70806765556335E-02 
756	 6.76554217934608E-02 
757	 6.82239085435867E-02 
758	 0.068817026913166 
759	 6.94581866264343E-02 
760	 7.01090916991234E-02 
761	 7.07374662160873E-02 
762	 7.14038461446762E-02 
763	 0.072132870554924 
764	 7.28063732385635E-02 
765	 7.35245868563652E-02 
766	 7.43048265576363E-02 
767	 7.50455036759377E-02 
768	 7.57745653390884E-02 
769	 7.65394121408463E-02 
770	 7.73788616061211E-02 
771	 7.81573131680489E-02 
772	 7.90317431092262E-02 
773	 7.99059867858887E-02 
774	 8.07681232690811E-02 
775	 8.16803798079491E-02 
776	 0.082628533244133 
777	 8.36011096835136E-02 
778	 8.45701694488525E-02 
779	 8.55641290545464E-02 
780	 8.66187661886215E-02 
781	 8.76713916659355E-02 
782	 0.088728554546833 
783	 8.98519679903984E-02 
784	 9.10129621624947E-02 
785	 9.21912342309952E-02 
786	 9.34063419699669E-02 
787	 9.46262180805206E-02 
788	 9.58344042301178E-02 
789	 9.71395447850227E-02 
790	 9.84154120087624E-02 
791	 9.97299998998642E-02 
792	 0.101126290857792 
793	 0.102516360580921 
794	 0.103945076465607 
795	 0.105389706790447 
796	 0.106874071061611 
797	 0.108415067195892 
798	 0.109969355165958 
799	 0.111598864197731 
800	 0.113240882754326 
801	 0.114902317523956 
802	 0.11663281172514 
803	 0.118395678699017 
804	 0.120163142681122 
805	 0.121993727982044 
806	 0.123839907348156 
807	 0.125720635056496 
808	 0.127664372324944 
809	 0.129625216126442 
810	 0.131609961390495 
811	 0.133654728531837 
812	 0.135715141892433 
813	 0.137846633791924 
814	 0.140022560954094 
815	 0.142245382070541 
816	 0.144521951675415 
817	 0.146805822849274 
818	 0.149167150259018 
819	 0.151604503393173 
820	 0.154008865356445 
821	 0.156441986560822 
822	 0.158946469426155 
823	 0.161443904042244 
824	 0.163992032408714 
825	 0.166607618331909 
826	 0.16929517686367 
827	 0.17199681699276 
828	 0.174737498164177 
829	 0.177497178316116 
830	 0.180278524756432 
831	 0.18313030898571 
832	 0.186071589589119 
833	 0.189050555229187 
834	 0.192028313875198 
835	 0.195009246468544 
836	 0.198050633072853 
837	 0.201153665781021 
838	 0.204273387789726 
839	 0.207403644919395 
840	 0.210568264126778 
841	 0.213784515857697 
842	 0.217080056667328 
843	 0.220426261425018 
844	 0.223783105611801 
845	 0.227181449532509 
846	 0.230546563863754 
847	 0.233975604176521 
848	 0.23741327226162 
849	 0.240842238068581 
850	 0.244330987334251 
851	 0.247854471206665 
852	 0.251386761665344 
853	 0.254950731992722 
854	 0.25851833820343 
855	 0.262100070714951 
856	 0.26573184132576 
857	 0.269425868988037 
858	 0.273096859455109 
859	 0.276724487543106 
860	 0.280408799648285 
861	 0.284124791622162 
862	 0.287852883338928 
863	 0.291573792695999 
864	 0.295331597328186 
865	 0.29906365275383 
866	 0.302812188863754 
867	 0.306551396846771 
868	 0.310314565896988 
869	 0.314109951257706 
870	 0.317894846200943 
871	 0.321677565574646 
872	 0.325520545244217 
873	 0.32932636141777 
874	 0.333117574453354 
875	 0.336913734674454 
876	 0.340683907270432 
877	 0.344448506832123 
878	 0.348204404115677 
879	 0.351966053247452 
880	 0.35571151971817 
881	 0.359441995620728 
882	 0.363148123025894 
883	 0.366895258426666 
884	 0.370645195245743 
885	 0.374346703290939 
886	 0.378066629171371 
887	 0.381779432296753 
888	 0.38545098900795 
889	 0.389081090688705 
890	 0.392666667699814 
891	 0.39626333117485 
892	 0.399831771850586 
893	 0.403373509645462 
894	 0.406891793012619 
895	 0.410412073135376 
896	 0.413893401622772 
897	 0.417328983545303 
898	 0.420778453350067 
899	 0.424199610948563 
900	 0.427559226751328 
901	 0.430878072977066 
902	 0.434217989444733 
903	 0.437510460615158 
904	 0.440766155719757 
905	 0.44397908449173 
906	 0.447271585464478 
907	 0.450440227985382 
908	 0.453574001789093 
909	 0.456701844930649 
910	 0.459802269935608 
911	 0.462892860174179 
912	 0.46598282456398 
913	 0.469005197286606 
914	 0.471973121166229 
915	 0.474961489439011 
916	 0.477913796901703 
917	 0.480857998132706 
918	 0.483747839927673 
919	 0.48660334944725 
920	 0.489423334598541 
921	 0.492192924022675 
922	 0.494984298944473 
923	 0.497683197259903 
924	 0.500372767448425 
925	 0.503014922142029 
926	 0.50565230846405 
927	 0.508270442485809 
928	 0.510894656181335 
929	 0.513498604297638 
930	 0.516011238098145 
931	 0.518455266952515 
932	 0.520871222019196 
933	 0.523280620574951 
934	 0.525737166404724 
935	 0.528113842010498 
936	 0.530449450016022 
937	 0.532775163650513 
938	 0.535064518451691 
939	 0.537350356578827 
940	 0.539606869220734 
941	 0.54184353351593 
942	 0.543984472751617 
943	 0.546127259731293 
944	 0.548247039318085 
945	 0.550360262393951 
946	 0.552384376525879 
947	 0.554425597190857 
948	 0.556425392627716 
949	 0.558441996574402 
950	 0.56032007932663 
951	 0.562142848968506 
952	 0.564053654670715 
953	 0.565965533256531 
954	 0.567767381668091 
955	 0.569539666175842 
956	 0.571336090564728 
957	 0.57315057516098 
958	 0.574874103069305 
959	 0.576550960540771 
960	 0.578181028366089 
961	 0.579805970191956 
962	 0.581458806991577 
963	 0.583112359046936 
964	 0.58469021320343 
965	 0.586208343505859 
966	 0.587633669376373 
967	 0.589016020298004 
968	 0.590440154075623 
969	 0.59186190366745 
970	 0.593350648880005 
971	 0.594889283180237 
972	 0.596321582794189 
973	 0.597648739814758 
974	 0.599081158638 
975	 0.600481867790222 
976	 0.60185033082962 
977	 0.603057265281677 
978	 0.604324519634247 
979	 0.605775773525238 
980	 0.607085704803467 
981	 0.608275532722473 
982	 0.609323263168335 
983	 0.610523462295532 
984	 0.611689388751984 
985	 0.612896144390106 
986	 0.613977611064911 
987	 0.61507523059845 
988	 0.616315543651581 
989	 0.617577016353607 
990	 0.618738651275635 
991	 0.619774580001831 
992	 0.620813131332397 
993	 0.621919751167297 
994	 0.623029887676239 
995	 0.624134361743927 
996	 0.62515115737915 
997	 0.626136422157288 
998	 0.62711638212204 
999	 0.628046452999115 
1000	 0.628953635692596 
1001	 0.629996657371521 
1002	 0.631106793880463 
1003	 0.632263362407684 
1004	 0.633435547351837 
1005	 0.634453892707825 
1006	 0.635393381118774 
1007	 0.63639771938324 
1008	 0.637253165245056 
1009	 0.637924671173096 
1010	 0.638766229152679 
1011	 0.639370918273926 
1012	 0.640473127365112 
1013	 0.641426503658295 
1014	 0.642499685287476 
1015	 0.643522977828979 
1016	 0.644315540790558 
1017	 0.645111560821533 
1018	 0.646014630794525 
1019	 0.646728277206421 
1020	 0.647778451442719 
1021	 0.648702025413513 
1022	 0.649506568908691 
1023	 0.650230288505554 
1024	 0.650982677936554 
1025	 0.651910662651062 
1026	 0.652559041976929 
1027	 0.653486788272858 
1028	 0.65423595905304 
1029	 0.654847145080566 
1030	 0.655534625053406 
1031	 0.656340956687927 
1032	 0.657134473323822 
1033	 0.657920598983765 
1034	 0.658901035785675 
1035	 0.659398436546326 
1036	 0.660184442996979 
1037	 0.660772442817688 
1038	 0.661451578140259 
1039	 0.662056922912598 
1040	 0.662729978561401 
1041	 0.663411438465118 
1042	 0.664090633392334 
1043	 0.664607286453247 
1044	 0.665415108203888 
1045	 0.666152060031891 
1046	 0.666900813579559 
1047	 0.667497575283051 
1048	 0.667956411838531 
1049	 0.668418824672699 
1050	 0.668883204460144 
1051	 0.669556021690369 
1052	 0.670049488544464 
1053	 0.670712351799011 
1054	 0.671080529689789 
1055	 0.671788156032562 
1056	 0.672366797924042 
1057	 0.672873139381409 
1058	 0.673422515392303 
1059	 0.673973858356476 
1060	 0.674386501312256 
1061	 0.674687564373016 
1062	 0.675119280815125 
1063	 0.675624966621399 
1064	 0.67608505487442 
1065	 0.676577210426331 
1066	 0.677204132080078 
1067	 0.677561461925507 
1068	 0.678043305873871 
1069	 0.678467810153961 
1070	 0.678868114948273 
1071	 0.679419934749603 
1072	 0.679868996143341 
1073	 0.68030720949173 
1074	 0.680568695068359 
1075	 0.68097597360611 
1076	 0.681443572044373 
1077	 0.681883871555328 
1078	 0.682413637638092 
1079	 0.682790398597717 
1080	 0.683208584785461 
1081	 0.683604061603546 
1082	 0.68404483795166 
1083	 0.684497952461243 
1084	 0.684882402420044 
1085	 0.685337960720062 
1086	 0.685689568519592 
1087	 0.686112999916077 
1088	 0.686400055885315 
1089	 0.68688976764679 
1090	 0.687400579452515 
1091	 0.687828302383423 
1092	 0.688314318656921 
1093	 0.688640356063843 
1094	 0.689022898674011 
1095	 0.689376533031464 
1096	 0.689847528934479 
1097	 0.690131902694702 
1098	 0.690503776073456 
1099	 0.69085830450058 
1100	 0.691299796104431 
1101	 0.691782474517822 
1102	 0.692142128944397 
1103	 0.692404270172119 
1104	 0.692789852619171 
1105	 0.693189442157745 
1106	 0.693672597408295 
1107	 0.693948328495026 
1108	 0.694290161132813 
1109	 0.694719731807709 
1110	 0.694981753826141 
1111	 0.695280611515045 
1112	 0.695588350296021 
1113	 0.695948660373688 
1114	 0.696250200271606 
1115	 0.696524262428284 
1116	 0.696980118751526 
1117	 0.697141587734222 
1118	 0.697482645511627 
1119	 0.69778436422348 
1120	 0.697980344295502 
1121	 0.698345243930817 
1122	 0.698605298995972 
1123	 0.6990025639534 
1124	 0.699234962463379 
1125	 0.699445188045502 
1126	 0.699684858322144 
1127	 0.699881434440613 
1128	 0.700113236904144 
1129	 0.700378358364105 
1130	 0.700557887554169 
1131	 0.700780630111694 
1132	 0.701076686382294 
1133	 0.701366782188416 
1134	 0.701606035232544 
1135	 0.701760113239288 
1136	 0.701996326446533 
1137	 0.702162802219391 
1138	 0.702422142028809 
1139	 0.702517747879028 
1140	 0.702680289745331 
1141	 0.702851414680481 
1142	 0.702962696552277 
1143	 0.703196883201599 
1144	 0.703361690044403 
1145	 0.703479468822479 
1146	 0.703587114810944 
1147	 0.70367419719696 
1148	 0.703868389129639 
1149	 0.704008936882019 
1150	 0.704104006290436 
1151	 0.704164564609528 
1152	 0.704129338264465 
1153	 0.704151749610901 
1154	 0.704301595687866 
1155	 0.704400777816772 
1156	 0.704547166824341 
1157	 0.704669177532196 
1158	 0.704749941825867 
1159	 0.704744398593903 
1160	 0.704832494258881 
1161	 0.704830944538116 
1162	 0.704736411571503 
1163	 0.704786479473114 
1164	 0.704787194728851 
1165	 0.704797685146332 
1166	 0.704893052577972 
1167	 0.704990804195404 
1168	 0.704953610897064 
1169	 0.704983055591583 
1170	 0.704927444458008 
1171	 0.70495468378067 
1172	 0.704952418804169 
1173	 0.70498925447464 
1174	 0.705000758171082 
1175	 0.704989731311798 
1176	 0.704895079135895 
1177	 0.704838454723358 
1178	 0.704684913158417 
1179	 0.704681575298309 
1180	 0.704656720161438 
1181	 0.704533159732819 
1182	 0.704519033432007 
1183	 0.704366445541382 
1184	 0.704184532165527 
1185	 0.70401269197464 
1186	 0.703936874866486 
1187	 0.703751981258392 
1188	 0.703564286231995 
1189	 0.703443825244904 
1190	 0.703285038471222 
1191	 0.703092575073242 
1192	 0.703055918216705 
1193	 0.702910780906677 
1194	 0.702730596065521 
1195	 0.7026207447052 
1196	 0.702388823032379 
1197	 0.702184319496155 
1198	 0.702079474925995 
1199	 0.701851069927216 
1200	 0.701774656772614 
1201	 0.701732754707336 
1202	 0.701788544654846 
1203	 0.701717376708984 
1204	 0.701624810695648 
1205	 0.701544463634491 
1206	 0.701390862464905 
1207	 0.701311826705933 
1208	 0.701299965381622 
1209	 0.701304495334625 
1210	 0.701236724853516 
1211	 0.701257944107056 
1212	 0.701206386089325 
1213	 0.701129674911499 
1214	 0.701113641262054 
1215	 0.701144635677338 
1216	 0.70109748840332 
1217	 0.70117324590683 
1218	 0.701204657554626 
1219	 0.701224625110626 
1220	 0.701260805130005 
1221	 0.701442241668701 
1222	 0.701496779918671 
1223	 0.701607704162598 
1224	 0.701741993427277 
1225	 0.701894462108612 
1226	 0.702073395252228 
1227	 0.702218115329742 
1228	 0.702324271202087 
1229	 0.702499151229858 
1230	 0.702669203281403 
1231	 0.702819347381592 
1232	 0.702971279621124 
1233	 0.703108727931976 
1234	 0.70330673456192 
1235	 0.70344477891922 
1236	 0.703620493412018 
1237	 0.703818142414093 
1238	 0.704003632068634 
1239	 0.704145550727844 
1240	 0.704379260540009 
1241	 0.704533457756042 
1242	 0.704691886901855 
1243	 0.704830408096313 
1244	 0.705066919326782 
1245	 0.70517897605896 
1246	 0.705373287200928 
1247	 0.705530345439911 
1248	 0.705679774284363 
1249	 0.705817222595215 
1250	 0.70590353012085 
1251	 0.7060467004776 
1252	 0.706148564815521 
1253	 0.70632404088974 
1254	 0.706476092338562 
1255	 0.706678807735443 
1256	 0.706763327121735 
1257	 0.706922173500061 
1258	 0.707064688205719 
1259	 0.707133412361145 
1260	 0.707218527793884 
1261	 0.707372069358826 
1262	 0.707448661327362 
1263	 0.707491457462311 
1264	 0.707559525966644 
1265	 0.707570254802704 
1266	 0.707594931125641 
1267	 0.707729816436768 
1268	 0.707761287689209 
1269	 0.707878530025482 
1270	 0.707963645458221 
1271	 0.707928001880646 
1272	 0.70795339345932 
1273	 0.707999408245087 
1274	 0.708111107349396 
1275	 0.708219468593597 
1276	 0.708260416984558 
1277	 0.708292782306671 
1278	 0.708304643630981 
1279	 0.708334743976593 
1280	 0.708438277244568 
1281	 0.708528101444244 
1282	 0.708632290363312 
1283	 0.708752512931824 
1284	 0.708784222602844 
1285	 0.70884245634079 
1286	 0.708890497684479 
1287	 0.708971917629242 
1288	 0.709058940410614 
1289	 0.70919543504715 
1290	 0.709340512752533 
1291	 0.709531605243683 
1292	 0.709668457508087 
1293	 0.709753215312958 
1294	 0.709810256958008 
1295	 0.709820508956909 
1296	 0.709882795810699 
1297	 0.709989726543427 
1298	 0.710108816623688 
1299	 0.710199058055878 
1300	 0.710239112377167 
1301	 0.710281908512115 
1302	 0.71029531955719 
1303	 0.710257291793823 
1304	 0.710318982601166 
1305	 0.710407257080078 
1306	 0.710451781749725 
1307	 0.710476517677307 
1308	 0.710570752620697 
1309	 0.710638046264648 
1310	 0.710679948329926 
1311	 0.710667729377747 
1312	 0.710661292076111 
1313	 0.710649132728577 
1314	 0.710704863071442 
1315	 0.710657715797424 
1316	 0.710634052753448 
1317	 0.710593581199646 
1318	 0.710517525672913 
1319	 0.710428655147552 
1320	 0.710366189479828 
1321	 0.710282206535339 
1322	 0.710260510444641 
1323	 0.710220336914063 
1324	 0.710170030593872 
1325	 0.710109174251556 
1326	 0.710023403167725 
1327	 0.709860801696777 
1328	 0.709786951541901 
1329	 0.709672212600708 
1330	 0.709528923034668 
1331	 0.709418296813965 
1332	 0.709254086017609 
1333	 0.709161818027496 
1334	 0.709000468254089 
1335	 0.708832025527954 
1336	 0.708623468875885 
1337	 0.708438336849213 
1338	 0.708219647407532 
1339	 0.708047032356262 
1340	 0.707913935184479 
1341	 0.707737326622009 
1342	 0.707519948482513 
1343	 0.707310497760773 
1344	 0.707024693489075 
1345	 0.706734538078308 
1346	 0.706389784812927 
1347	 0.706031382083893 
1348	 0.705684542655945 
1349	 0.705272495746613 
1350	 0.704935312271118 
1351	 0.70454877614975 
1352	 0.704160988330841 
1353	 0.703737318515778 
1354	 0.70327365398407 
1355	 0.702809870243073 
1356	 0.702331781387329 
1357	 0.701818108558655 
1358	 0.701373517513275 
1359	 0.700858891010284 
1360	 0.700343489646912 
1361	 0.699926614761353 
1362	 0.699410200119019 
1363	 0.698980867862701 
1364	 0.69854348897934 
1365	 0.698136866092682 
1366	 0.697777926921844 
1367	 0.697479426860809 
1368	 0.697124540805817 
1369	 0.696797907352448 
1370	 0.696519672870636 
1371	 0.696260511875153 
1372	 0.696045219898224 
1373	 0.695934951305389 
1374	 0.695789039134979 
1375	 0.695744872093201 
1376	 0.695634305477142 
1377	 0.695539653301239 
1378	 0.695458829402924 
1379	 0.695376098155975 
1380	 0.695344567298889 
1381	 0.695347845554352 
1382	 0.695289433002472 
1383	 0.695233464241028 
1384	 0.695125699043274 
1385	 0.695006847381592 
1386	 0.694893658161163 
1387	 0.69472748041153 
1388	 0.694582223892212 
1389	 0.694323778152466 
1390	 0.694091379642487 
1391	 0.693883240222931 
1392	 0.69353848695755 
1393	 0.693217515945435 
1394	 0.69291090965271 
1395	 0.692485868930817 
1396	 0.692048013210297 
1397	 0.691595017910004 
1398	 0.691003143787384 
1399	 0.690362393856049 
1400	 0.689726829528809 
1401	 0.688973367214203 
1402	 0.688177883625031 
1403	 0.687202394008636 
1404	 0.686140894889832 
1405	 0.685068368911743 
1406	 0.683837115764618 
1407	 0.68254154920578 
1408	 0.681163668632507 
1409	 0.679669976234436 
1410	 0.678043842315674 
1411	 0.676251113414764 
1412	 0.674420535564423 
1413	 0.672473013401031 
1414	 0.670478463172913 
1415	 0.668411910533905 
1416	 0.666182935237885 
1417	 0.663865029811859 
1418	 0.661564230918884 
1419	 0.659149467945099 
1420	 0.656793057918549 
1421	 0.654351711273193 
1422	 0.652011513710022 
1423	 0.649709045886993 
1424	 0.647435426712036 
1425	 0.645259261131287 
1426	 0.643120765686035 
1427	 0.641115844249725 
1428	 0.639211595058441 
1429	 0.637430429458618 
1430	 0.635781824588776 
1431	 0.634189784526825 
1432	 0.632690846920013 
1433	 0.631293177604675 
1434	 0.629959285259247 
1435	 0.628813862800598 
1436	 0.627699434757233 
1437	 0.626665890216827 
1438	 0.625637948513031 
1439	 0.624763131141663 
1440	 0.623934924602509 
1441	 0.623177886009216 
1442	 0.622421503067017 
1443	 0.621755838394165 
1444	 0.621052145957947 
1445	 0.620421946048737 
1446	 0.619762539863586 
1447	 0.619128286838531 
1448	 0.618538677692413 
1449	 0.617959022521973 
1450	 0.617412269115448 
1451	 0.616829693317413 
1452	 0.616232693195343 
1453	 0.615646421909332 
1454	 0.615054607391357 
1455	 0.614481627941132 
1456	 0.613951742649078 
1457	 0.613389313220978 
1458	 0.612833678722382 
1459	 0.612291574478149 
1460	 0.611694753170013 
1461	 0.611064374446869 
1462	 0.610484719276428 
1463	 0.609897255897522 
1464	 0.609305739402771 
1465	 0.608693659305573 
1466	 0.608136832714081 
1467	 0.607554376125336 
1468	 0.606934368610382 
1469	 0.606375932693481 
1470	 0.605818688869476 
1471	 0.605324864387512 
1472	 0.604832649230957 
1473	 0.604372620582581 
1474	 0.603909015655518 
1475	 0.603486180305481 
1476	 0.603053867816925 
1477	 0.602643728256226 
1478	 0.602276504039764 
1479	 0.601900398731232 
1480	 0.601624965667725 
1481	 0.601396858692169 
1482	 0.60119903087616 
1483	 0.60103714466095 
1484	 0.600914776325226 
1485	 0.600809156894684 
1486	 0.600743353366852 
1487	 0.600702464580536 
1488	 0.600694715976715 
1489	 0.600780129432678 
1490	 0.60092830657959 
1491	 0.601086258888245 
1492	 0.601252615451813 
1493	 0.601459980010986 
1494	 0.601668298244476 
1495	 0.601929545402527 
1496	 0.602230787277222 
1497	 0.602538645267487 
1498	 0.602887272834778 
1499	 0.603255927562714 
1500	 0.603657603263855 
1501	 0.604058861732483 
1502	 0.604475140571594 
1503	 0.604947924613953 
1504	 0.605439305305481 
1505	 0.605955064296722 
1506	 0.606463253498077 
1507	 0.606975913047791 
1508	 0.607451260089874 
1509	 0.607982695102692 
1510	 0.608507096767426 
1511	 0.609050393104553 
1512	 0.609542727470398 
1513	 0.610022604465485 
1514	 0.610504150390625 
1515	 0.611032068729401 
1516	 0.611540257930756 
1517	 0.612035989761353 
1518	 0.612523198127747 
1519	 0.612926959991455 
1520	 0.613320410251617 
1521	 0.61369115114212 
1522	 0.614105820655823 
1523	 0.614469826221466 
1524	 0.614786267280579 
1525	 0.615073978900909 
1526	 0.615331709384918 
1527	 0.615643441677094 
1528	 0.615908741950989 
1529	 0.61612868309021 
1530	 0.616379499435425 
1531	 0.616607546806335 
1532	 0.61685037612915 
1533	 0.617071986198425 
1534	 0.617316961288452 
1535	 0.617468118667603 
1536	 0.61766916513443 
1537	 0.617820680141449 
1538	 0.617980480194092 
1539	 0.618108153343201 
1540	 0.618249893188477 
1541	 0.618387818336487 
1542	 0.618577122688293 
1543	 0.618743360042572 
1544	 0.618901491165161 
1545	 0.619043231010437 
1546	 0.619225084781647 
1547	 0.619393944740295 
1548	 0.619607985019684 
1549	 0.619863390922546 
1550	 0.620096147060394 
1551	 0.62032687664032 
1552	 0.620588183403015 
1553	 0.620788276195526 
1554	 0.620977103710175 
1555	 0.6212477684021 
1556	 0.621451735496521 
1557	 0.621670603752136 
1558	 0.621872901916504 
1559	 0.622055351734161 
1560	 0.622250616550446 
1561	 0.622454822063446 
1562	 0.622695744037628 
1563	 0.622947156429291 
1564	 0.623149216175079 
1565	 0.623337805271149 
1566	 0.623539090156555 
1567	 0.623728930950165 
1568	 0.623928070068359 
1569	 0.624168753623962 
1570	 0.624373733997345 
1571	 0.624630689620972 
1572	 0.624834358692169 
1573	 0.625023066997528 
1574	 0.625205755233765 
1575	 0.62542587518692 
1576	 0.625631809234619 
1577	 0.625898718833923 
1578	 0.626127004623413 
1579	 0.626355111598969 
1580	 0.62659877538681 
1581	 0.626773595809937 
1582	 0.626936972141266 
1583	 0.627204596996307 
1584	 0.627505302429199 
1585	 0.627810478210449 
1586	 0.628127574920654 
1587	 0.628424108028412 
1588	 0.628837943077087 
1589	 0.629281640052795 
1590	 0.629738628864288 
1591	 0.630268633365631 
1592	 0.63080108165741 
1593	 0.631415247917175 
1594	 0.632052540779114 
1595	 0.632654905319214 
1596	 0.633324027061462 
1597	 0.634009778499603 
1598	 0.634703695774078 
1599	 0.635526657104492 
1600	 0.636277854442596 
1601	 0.637053847312927 
1602	 0.63782399892807 
1603	 0.638639986515045 
1604	 0.639450550079346 
1605	 0.640285193920136 
1606	 0.641141831874847 
1607	 0.641972184181213 
1608	 0.642757177352905 
1609	 0.64356803894043 
1610	 0.644456267356873 
1611	 0.64530473947525 
1612	 0.646131098270416 
1613	 0.646926462650299 
1614	 0.64777410030365 
1615	 0.648594737052917 
1616	 0.649398386478424 
1617	 0.650119185447693 
1618	 0.650870501995087 
1619	 0.65160459280014 
1620	 0.652320444583893 
1621	 0.65299254655838 
1622	 0.653621792793274 
1623	 0.654199600219727 
1624	 0.654745042324066 
1625	 0.655295610427856 
1626	 0.655843675136566 
1627	 0.656401038169861 
1628	 0.65691351890564 
1629	 0.657404541969299 
1630	 0.657875895500183 
1631	 0.658305585384369 
1632	 0.658798277378082 
1633	 0.659296035766602 
1634	 0.659782826900482 
1635	 0.660247027873993 
1636	 0.660705804824829 
1637	 0.6611248254776 
1638	 0.661541044712067 
1639	 0.661974430084229 
1640	 0.662394046783447 
1641	 0.662837386131287 
1642	 0.66326105594635 
1643	 0.663678705692291 
1644	 0.664156138896942 
1645	 0.664624810218811 
1646	 0.665119051933289 
1647	 0.665558636188507 
1648	 0.665951669216156 
1649	 0.666316509246826 
1650	 0.66672271490097 
1651	 0.66702800989151 
1652	 0.66741019487381 
1653	 0.667753756046295 
1654	 0.668055176734924 
1655	 0.668311774730682 
1656	 0.668512642383575 
1657	 0.668658852577209 
1658	 0.668824732303619 
1659	 0.669004201889038 
1660	 0.669134616851807 
1661	 0.669330239295959 
1662	 0.669448375701904 
1663	 0.669555425643921 
1664	 0.66969221830368 
1665	 0.669785737991333 
1666	 0.669879198074341 
1667	 0.669982850551605 
1668	 0.670048654079437 
1669	 0.670130848884583 
1670	 0.670103788375854 
1671	 0.670083105564117 
1672	 0.670020639896393 
1673	 0.670023918151855 
1674	 0.669945538043976 
1675	 0.669880926609039 
1676	 0.669797480106354 
1677	 0.669607102870941 
1678	 0.669418394565582 
1679	 0.669219255447388 
1680	 0.668958246707916 
1681	 0.668690800666809 
1682	 0.66838937997818 
1683	 0.668084561824799 
1684	 0.667715132236481 
1685	 0.66742879152298 
1686	 0.66711837053299 
1687	 0.666739165782928 
1688	 0.66633003950119 
1689	 0.665952980518341 
1690	 0.665530860424042 
1691	 0.665129601955414 
1692	 0.66471266746521 
1693	 0.664289116859436 
1694	 0.663845002651215 
1695	 0.663372039794922 
1696	 0.66289347410202 
1697	 0.662430167198181 
1698	 0.661988437175751 
1699	 0.661555528640747 
1700	 0.661177814006805 
1701	 0.6607346534729 
1702	 0.660368740558624 
1703	 0.660052061080933 
1704	 0.659737408161163 
1705	 0.659546256065369 
1706	 0.659402966499329 
1707	 0.659233927726746 
1708	 0.659136235713959 
1709	 0.659014761447906 
1710	 0.658926606178284 
1711	 0.658865094184875 
1712	 0.658855736255646 
1713	 0.658793389797211 
1714	 0.658769249916077 
1715	 0.658699929714203 
1716	 0.658651232719421 
1717	 0.658551394939423 
1718	 0.658514142036438 
1719	 0.6584193110466 
1720	 0.658274412155151 
1721	 0.658142864704132 
1722	 0.657999515533447 
1723	 0.657893359661102 
1724	 0.657768070697784 
1725	 0.657663822174072 
1726	 0.657533228397369 
1727	 0.657415449619293 
1728	 0.657390654087067 
1729	 0.657324016094208 
1730	 0.657203316688538 
1731	 0.657102406024933 
1732	 0.657020628452301 
1733	 0.656952321529388 
1734	 0.656841158866882 
1735	 0.656687080860138 
1736	 0.656574070453644 
1737	 0.65645295381546 
1738	 0.656255125999451 
1739	 0.65600061416626 
1740	 0.655832648277283 
1741	 0.655632495880127 
1742	 0.655485868453979 
1743	 0.655309796333313 
1744	 0.655055999755859 
1745	 0.654897212982178 
1746	 0.654685020446777 
1747	 0.65443080663681 
1748	 0.654215693473816 
1749	 0.653919279575348 
1750	 0.653682231903076 
1751	 0.653384268283844 
1752	 0.653103590011597 
1753	 0.652806282043457 
1754	 0.652544379234314 
1755	 0.652244508266449 
1756	 0.652019083499908 
1757	 0.651753664016724 
1758	 0.651449739933014 
1759	 0.651147246360779 
1760	 0.650841057300568 
1761	 0.650525808334351 
1762	 0.65022885799408 
1763	 0.64995276927948 
1764	 0.649640440940857 
1765	 0.649407088756561 
1766	 0.64916205406189 
1767	 0.64897096157074 
1768	 0.648815929889679 
1769	 0.648654937744141 
1770	 0.648455500602722 
1771	 0.648359835147858 
1772	 0.648198068141937 
1773	 0.648123860359192 
1774	 0.647996962070465 
1775	 0.647905945777893 
1776	 0.647850036621094 
1777	 0.647745609283447 
1778	 0.647658467292786 
1779	 0.647620797157288 
1780	 0.647558450698853 
1781	 0.647542297840118 
1782	 0.647536218166351 
1783	 0.647499442100525 
1784	 0.647504925727844 
1785	 0.64741313457489 
1786	 0.647415518760681 
1787	 0.647456824779511 
1788	 0.647433340549469 
1789	 0.64752995967865 
1790	 0.647562861442566 
1791	 0.647550821304321 
1792	 0.647645056247711 
1793	 0.647669494152069 
1794	 0.647748470306396 
1795	 0.647737979888916 
1796	 0.647705256938934 
1797	 0.647777140140533 
1798	 0.647920966148376 
1799	 0.648078382015228 
1800	 0.648112833499908 
1801	 0.648202300071716 
1802	 0.648250699043274 
1803	 0.648253977298737 
1804	 0.648280799388886 
1805	 0.648272812366486 
1806	 0.648292601108551 
1807	 0.648265302181244 
1808	 0.648279130458832 
1809	 0.648251175880432 
1810	 0.648196876049042 
1811	 0.648120939731598 
1812	 0.648054718971252 
1813	 0.647954165935516 
1814	 0.647915065288544 
1815	 0.647735118865967 
1816	 0.647692084312439 
1817	 0.647646367549896 
1818	 0.647761940956116 
1819	 0.647765278816223 
1820	 0.647781550884247 
1821	 0.647789895534515 
1822	 0.647803008556366 
1823	 0.647839844226837 
1824	 0.647987842559814 
1825	 0.647922039031982 
1826	 0.64801561832428 
1827	 0.648080170154572 
1828	 0.648213267326355 
1829	 0.648415803909302 
1830	 0.648560464382172 
1831	 0.648807406425476 
1832	 0.649053454399109 
1833	 0.649329423904419 
1834	 0.649565696716309 
1835	 0.649834036827087 
1836	 0.650140225887299 
1837	 0.650370836257935 
1838	 0.6506587266922 
1839	 0.650899231433868 
1840	 0.651166081428528 
1841	 0.651490569114685 
1842	 0.651739358901978 
1843	 0.652056992053986 
1844	 0.652298927307129 
1845	 0.65259850025177 
1846	 0.652874350547791 
1847	 0.653157472610474 
1848	 0.65342652797699 
1849	 0.653760313987732 
1850	 0.653996109962463 
1851	 0.654223263263702 
1852	 0.654420256614685 
1853	 0.654547452926636 
1854	 0.654742538928986 
1855	 0.654885113239288 
1856	 0.655024230480194 
1857	 0.655106008052826 
1858	 0.655140697956085 
1859	 0.655156493186951 
1860	 0.655136227607727 
1861	 0.655180752277374 
1862	 0.655242383480072 
1863	 0.655207514762878 
1864	 0.655203700065613 
1865	 0.655210435390472 
1866	 0.655196011066437 
1867	 0.655091643333435 
1868	 0.654994189739227 
1869	 0.654824316501617 
1870	 0.65460216999054 
1871	 0.654320180416107 
1872	 0.65406197309494 
1873	 0.653735995292664 
1874	 0.653425097465515 
1875	 0.653055369853973 
1876	 0.652610421180725 
1877	 0.652081966400146 
1878	 0.651534616947174 
1879	 0.650899112224579 
1880	 0.65022736787796 
1881	 0.649420022964478 
1882	 0.648644626140594 
1883	 0.647880673408508 
1884	 0.646942436695099 
1885	 0.645949304103851 
1886	 0.644901633262634 
1887	 0.643723368644714 
1888	 0.642461836338043 
1889	 0.641045987606049 
1890	 0.639463067054749 
1891	 0.637836277484894 
1892	 0.636143803596497 
1893	 0.634346902370453 
1894	 0.632342576980591 
1895	 0.630225241184235 
1896	 0.627950429916382 
1897	 0.625671982765198 
1898	 0.623352944850922 
1899	 0.620972156524658 
1900	 0.618551135063171 
1901	 0.616126775741577 
1902	 0.61353600025177 
1903	 0.611000835895538 
1904	 0.608478188514709 
1905	 0.60610556602478 
1906	 0.603792250156403 
1907	 0.601494610309601 
1908	 0.599351108074188 
1909	 0.597293019294739 
1910	 0.59526389837265 
1911	 0.593425989151001 
1912	 0.591720938682556 
1913	 0.590140044689178 
1914	 0.588654339313507 
1915	 0.587260961532593 
1916	 0.586046695709229 
1917	 0.584931194782257 
1918	 0.583949267864227 
1919	 0.583136796951294 
1920	 0.582412719726563 
1921	 0.581800699234009 
1922	 0.581303238868713 
1923	 0.580911636352539 
1924	 0.580596745014191 
1925	 0.580423951148987 
1926	 0.580370366573334 
1927	 0.580364882946014 
1928	 0.58046692609787 
1929	 0.580642342567444 
1930	 0.580866992473602 
1931	 0.581178724765778 
1932	 0.581555843353271 
1933	 0.582005798816681 
1934	 0.582511782646179 
1935	 0.583025455474854 
1936	 0.583583354949951 
1937	 0.584277510643005 
1938	 0.5849848985672 
1939	 0.585691392421722 
1940	 0.586439728736877 
1941	 0.587164342403412 
1942	 0.587950348854065 
1943	 0.588734209537506 
1944	 0.589519858360291 
1945	 0.590337753295898 
1946	 0.59112548828125 
1947	 0.59190559387207 
1948	 0.592710733413696 
1949	 0.593545615673065 
1950	 0.59437507390976 
1951	 0.595153033733368 
1952	 0.595898985862732 
1953	 0.596645534038544 
1954	 0.597379207611084 
1955	 0.598118245601654 
1956	 0.598849356174469 
1957	 0.599559247493744 
1958	 0.60018390417099 
1959	 0.600789785385132 
1960	 0.601384043693542 
1961	 0.601977467536926 
1962	 0.602535545825958 
1963	 0.603031814098358 
1964	 0.603531897068024 
1965	 0.603960394859314 
1966	 0.604376137256622 
1967	 0.604799628257751 
1968	 0.605217099189758 
1969	 0.605665147304535 
1970	 0.606132030487061 
1971	 0.606456696987152 
1972	 0.60682612657547 
1973	 0.607210457324982 
1974	 0.607601344585419 
1975	 0.607982158660889 
1976	 0.608350932598114 
1977	 0.608761131763458 
1978	 0.609127759933472 
1979	 0.609496235847473 
1980	 0.609823048114777 
1981	 0.610133230686188 
1982	 0.610437572002411 
1983	 0.610722720623016 
1984	 0.610940754413605 
1985	 0.611165344715118 
1986	 0.611307859420776 
1987	 0.611478090286255 
1988	 0.611590266227722 
1989	 0.611687242984772 
1990	 0.611739635467529 
1991	 0.611740171909332 
1992	 0.61175674200058 
1993	 0.611692607402802 
1994	 0.611570060253143 
1995	 0.611447930335999 
1996	 0.611282289028168 
1997	 0.611108958721161 
1998	 0.610810160636902 
1999	 0.610476732254028 
2000	 0.610105216503143 
2001	 0.609753429889679 
2002	 0.609302401542664 
2003	 0.6087965965271 
2004	 0.608242452144623 
2005	 0.607635974884033 
2006	 0.607000052928925 
2007	 0.606254875659943 
2008	 0.605452001094818 
2009	 0.604506015777588 
2010	 0.603537440299988 
2011	 0.602487623691559 
2012	 0.60142183303833 
2013	 0.600222766399384 
2014	 0.598939895629883 
2015	 0.59759396314621 
2016	 0.596242308616638 
2017	 0.594791829586029 
2018	 0.593296587467194 
2019	 0.591747105121613 
2020	 0.590115070343018 
2021	 0.588423669338226 
2022	 0.586587190628052 
2023	 0.584726452827454 
2024	 0.582773327827454 
2025	 0.580732464790344 
2026	 0.578579723834991 
2027	 0.576462149620056 
2028	 0.574258208274841 
2029	 0.572000861167908 
2030	 0.569727838039398 
2031	 0.567385971546173 
2032	 0.56499058008194 
2033	 0.56251847743988 
2034	 0.559936702251434 
2035	 0.557330846786499 
2036	 0.554780900478363 
2037	 0.552207112312317 
2038	 0.54954594373703 
2039	 0.546845614910126 
2040	 0.544139862060547 
2041	 0.54135400056839 
2042	 0.538602888584137 
2043	 0.535838782787323 
2044	 0.533164501190186 
2045	 0.530526399612427 
2046	 0.527778029441834 
2047	 0.524975836277008 
2048	 0.522164940834045 
2049	 0.519464790821075 
2050	 0.516894102096558 
2051	 0.514284551143646 
2052	 0.511697947978973 
2053	 0.50916188955307 
2054	 0.506621181964874 
2055	 0.504176616668701 
2056	 0.501782119274139 
2057	 0.499397367238998 
2058	 0.497170925140381 
2059	 0.494848698377609 
2060	 0.492585241794586 
2061	 0.490284293889999 
2062	 0.488040030002594 
2063	 0.485887855291367 
2064	 0.483762562274933 
2065	 0.481738239526749 
2066	 0.479661136865616 
2067	 0.477681308984756 
2068	 0.475732564926147 
2069	 0.473940819501877 
2070	 0.472130209207535 
2071	 0.470390528440475 
2072	 0.468682467937469 
2073	 0.466970711946487 
2074	 0.465398520231247 
2075	 0.463909655809402 
2076	 0.46253177523613 
2077	 0.461189568042755 
2078	 0.459913849830627 
2079	 0.458728134632111 
2080	 0.457644104957581 
2081	 0.456656277179718 
2082	 0.455717384815216 
2083	 0.454808682203293 
2084	 0.453959167003632 
2085	 0.453145235776901 
2086	 0.452368915081024 
2087	 0.451641201972961 
2088	 0.450972765684128 
2089	 0.45031151175499 
2090	 0.449626356363297 
2091	 0.449001640081406 
2092	 0.448422640562058 
2093	 0.447899520397186 
2094	 0.447397857904434 
2095	 0.446977078914642 
2096	 0.446542829275131 
2097	 0.446127265691757 
2098	 0.445778787136078 
2099	 0.44550159573555 
2100	 0.445326864719391 
2101	 0.445181727409363 
2102	 0.44510555267334 
2103	 0.445047914981842 
2104	 0.445121794939041 
2105	 0.445222347974777 
2106	 0.445377439260483 
2107	 0.445642471313477 
2108	 0.445936977863312 
2109	 0.44635671377182 
2110	 0.446890532970428 
2111	 0.447445660829544 
2112	 0.448019593954086 
2113	 0.448600351810455 
2114	 0.449342042207718 
2115	 0.450083464384079 
2116	 0.450870096683502 
2117	 0.451738744974136 
2118	 0.452669322490692 
2119	 0.453551113605499 
2120	 0.454528033733368 
2121	 0.455612152814865 
2122	 0.45673879981041 
2123	 0.457872956991196 
2124	 0.459060043096542 
2125	 0.460167944431305 
2126	 0.461293548345566 
2127	 0.462484687566757 
2128	 0.463628739118576 
2129	 0.464839518070221 
2130	 0.465972751379013 
2131	 0.467168033123016 
2132	 0.468332827091217 
2133	 0.469518512487412 
2134	 0.470702856779099 
2135	 0.471904724836349 
2136	 0.473026871681213 
2137	 0.474126309156418 
2138	 0.475200235843658 
2139	 0.476207762956619 
2140	 0.477241426706314 
2141	 0.478181540966034 
2142	 0.479167342185974 
2143	 0.480106294155121 
2144	 0.481061905622482 
2145	 0.482064187526703 
2146	 0.482991576194763 
2147	 0.483930855989456 
2148	 0.484904289245605 
2149	 0.485819131135941 
2150	 0.486859977245331 
2151	 0.487838417291641 
2152	 0.488895922899246 
2153	 0.48985230922699 
2154	 0.49078294634819 
2155	 0.491738706827164 
2156	 0.492669135332108 
2157	 0.493581503629684 
2158	 0.494467377662659 
2159	 0.495329618453979 
2160	 0.496142566204071 
2161	 0.496886789798737 
2162	 0.497640609741211 
2163	 0.498471051454544 
2164	 0.499234288930893 
2165	 0.499971091747284 
2166	 0.50062769651413 
2167	 0.50136524438858 
2168	 0.502150356769562 
2169	 0.502933084964752 
2170	 0.503722369670868 
2171	 0.504480957984924 
2172	 0.505290746688843 
2173	 0.506064772605896 
2174	 0.506914794445038 
2175	 0.507709324359894 
2176	 0.508516311645508 
2177	 0.509310722351074 
2178	 0.51005083322525 
2179	 0.510811328887939 
2180	 0.511549949645996 
2181	 0.512240052223206 
2182	 0.512933194637299 
2183	 0.513685405254364 
2184	 0.514409482479095 
2185	 0.515128016471863 
2186	 0.515811502933502 
2187	 0.51646363735199 
2188	 0.517051875591278 
2189	 0.517653942108154 
2190	 0.518260180950165 
2191	 0.518918216228485 
2192	 0.519572019577026 
2193	 0.520248591899872 
2194	 0.520846962928772 
2195	 0.521441876888275 
2196	 0.522002458572388 
2197	 0.522588789463043 
2198	 0.52314954996109 
2199	 0.523671984672546 
2200	 0.524218440055847 
2201	 0.524708092212677 
2202	 0.525132834911346 
2203	 0.525608420372009 
2204	 0.526035130023956 
2205	 0.526487469673157 
2206	 0.526971638202667 
2207	 0.52742612361908 
2208	 0.527819514274597 
2209	 0.528250753879547 
2210	 0.528658449649811 
2211	 0.529007017612457 
2212	 0.529397666454315 
2213	 0.529721856117249 
2214	 0.530137419700623 
2215	 0.530426383018494 
2216	 0.530647397041321 
2217	 0.530726730823517 
2218	 0.530795454978943 
2219	 0.530863642692566 
2220	 0.530961334705353 
2221	 0.531008958816528 
2222	 0.53103494644165 
2223	 0.530973017215729 
2224	 0.530860543251038 
2225	 0.530652344226837 
2226	 0.530351877212524 
2227	 0.530056297779083 
2228	 0.52972799539566 
2229	 0.529405474662781 
2230	 0.528916954994202 
2231	 0.528527855873108 
2232	 0.527998805046082 
2233	 0.52751350402832 
2234	 0.526937007904053 
2235	 0.526271760463715 
2236	 0.525463938713074 
2237	 0.524588108062744 
2238	 0.523624897003174 
2239	 0.522635817527771 
2240	 0.521575629711151 
2241	 0.520420789718628 
2242	 0.519057035446167 
2243	 0.51774126291275 
2244	 0.516254007816315 
2245	 0.514709651470184 
2246	 0.513015449047089 
2247	 0.511361420154572 
2248	 0.509569346904755 
2249	 0.507763266563416 
2250	 0.505823135375977 
2251	 0.503825664520264 
2252	 0.50184553861618 
2253	 0.499872326850891 
2254	 0.49782782793045 
2255	 0.49582314491272 
2256	 0.493658900260925 
2257	 0.491525650024414 
2258	 0.489274471998215 
2259	 0.486942768096924 
2260	 0.484517365694046 
2261	 0.482026904821396 
2262	 0.47954934835434 
2263	 0.477076858282089 
2264	 0.474503874778748 
2265	 0.471965104341507 
2266	 0.469415038824081 
2267	 0.46706947684288 
2268	 0.464834600687027 
2269	 0.462699621915817 
2270	 0.460845798254013 
2271	 0.459136426448822 
2272	 0.457721084356308 
2273	 0.456485778093338 
2274	 0.455649048089981 
2275	 0.454982668161392 
2276	 0.454684108495712 
2277	 0.454612255096436 
2278	 0.454763561487198 
2279	 0.455098360776901 
2280	 0.455526173114777 
2281	 0.455990880727768 
2282	 0.456528306007385 
2283	 0.457163244485855 
2284	 0.457747042179108 
2285	 0.458521604537964 
2286	 0.459101170301437 
2287	 0.459660202264786 
2288	 0.460078001022339 
2289	 0.460368692874908 
2290	 0.460515439510345 
2291	 0.460531026124954 
2292	 0.460488021373749 
2293	 0.46036222577095 
2294	 0.460017830133438 
2295	 0.459492802619934 
2296	 0.458812355995178 
2297	 0.457981467247009 
2298	 0.457156270742416 
2299	 0.456167906522751 
2300	 0.455140292644501 
2301	 0.453941643238068 
2302	 0.452789634466171 
2303	 0.451459288597107 
2304	 0.450064241886139 
2305	 0.448697298765183 
2306	 0.44718798995018 
2307	 0.445607960224152 
2308	 0.444013923406601 
2309	 0.442424744367599 
2310	 0.440978914499283 
2311	 0.43938684463501 
2312	 0.437851428985596 
2313	 0.436350673437119 
2314	 0.43486276268959 
2315	 0.43341651558876 
2316	 0.431890666484833 
2317	 0.430515855550766 
2318	 0.429223507642746 
2319	 0.42788377404213 
2320	 0.426621645689011 
2321	 0.425342798233032 
2322	 0.424060970544815 
2323	 0.422846704721451 
2324	 0.421793699264526 
2325	 0.420839637517929 
2326	 0.419806301593781 
2327	 0.418798297643662 
2328	 0.417847543954849 
2329	 0.417006462812424 
2330	 0.416209280490875 
2331	 0.415531069040298 
2332	 0.414901167154312 
2333	 0.414353102445602 
2334	 0.413816004991531 
2335	 0.413462072610855 
2336	 0.413203060626984 
2337	 0.412907838821411 
2338	 0.412820637226105 
2339	 0.412751644849777 
2340	 0.412907958030701 
2341	 0.412961333990097 
2342	 0.413001835346222 
2343	 0.413313925266266 
2344	 0.413472414016724 
2345	 0.413811504840851 
2346	 0.414048701524735 
2347	 0.414234429597855 
2348	 0.414516091346741 
2349	 0.414699345827103 
2350	 0.414999216794968 
2351	 0.415332794189453 
2352	 0.415641456842422 
2353	 0.41602435708046 
2354	 0.416263550519943 
2355	 0.416480749845505 
2356	 0.416790306568146 
2357	 0.417256087064743 
2358	 0.417580395936966 
2359	 0.417995184659958 
2360	 0.41847288608551 
2361	 0.418990194797516 
2362	 0.419591784477234 
2363	 0.420100152492523 
2364	 0.420639753341675 
2365	 0.421177387237549 
2366	 0.421525180339813 
2367	 0.422058373689651 
2368	 0.422406941652298 
2369	 0.422900199890137 
2370	 0.423288434743881 
2371	 0.423584222793579 
2372	 0.42390313744545 
2373	 0.424510329961777 
2374	 0.424882084131241 
2375	 0.425410807132721 
2376	 0.425869911909103 
2377	 0.426387906074524 
2378	 0.426931440830231 
2379	 0.427369266748428 
2380	 0.427899390459061 
2381	 0.428315132856369 
2382	 0.428610116243362 
2383	 0.429033488035202 
2384	 0.429314255714417 
2385	 0.429502993822098 
2386	 0.42953023314476 
2387	 0.429667890071869 
2388	 0.429670721292496 
2389	 0.429682493209839 
2390	 0.429519146680832 
2391	 0.429525643587112 
2392	 0.429619014263153 
2393	 0.429825305938721 
2394	 0.429886341094971 
2395	 0.43020361661911 
2396	 0.430451333522797 
2397	 0.430657684803009 
2398	 0.430824130773544 
2399	 0.431015700101852 
2400	 0.431057453155518 
2401	 0.431218326091766 
2402	 0.431238770484924 
2403	 0.431198060512543 
2404	 0.430931001901627 
2405	 0.430519759654999 
2406	 0.430013954639435 
2407	 0.429433465003967 
2408	 0.42891451716423 
2409	 0.428311765193939 
2410	 0.427536308765411 
2411	 0.426669508218765 
2412	 0.425900787115097 
2413	 0.425133287906647 
2414	 0.424354404211044 
2415	 0.423555642366409 
2416	 0.422763645648956 
2417	 0.42195138335228 
2418	 0.421422034502029 
2419	 0.420550435781479 
2420	 0.419560760259628 
2421	 0.41855862736702 
2422	 0.417434751987457 
2423	 0.416233241558075 
2424	 0.415027618408203 
2425	 0.413661867380142 
2426	 0.412042289972305 
2427	 0.410570949316025 
2428	 0.408988207578659 
2429	 0.407431215047836 
2430	 0.405654698610306 
2431	 0.403834760189056 
2432	 0.401849746704102 
2433	 0.399832189083099 
2434	 0.397810697555542 
2435	 0.395679265260696 
2436	 0.393656641244888 
2437	 0.391664981842041 
2438	 0.38966691493988 
2439	 0.38758197426796 
2440	 0.385260552167892 
2441	 0.383221328258514 
2442	 0.381223261356354 
2443	 0.379010379314423 
2444	 0.376708030700684 
2445	 0.374279499053955 
2446	 0.372078210115433 
2447	 0.369716286659241 
2448	 0.367639452219009 
2449	 0.365516275167465 
2450	 0.363583981990814 
2451	 0.361332327127457 
2452	 0.359058052301407 
2453	 0.356945753097534 
2454	 0.354725390672684 
2455	 0.352515339851379 
2456	 0.350248068571091 
2457	 0.348269402980804 
2458	 0.346227616071701 
2459	 0.343991041183472 
2460	 0.341717213392258 
2461	 0.339549154043198 
2462	 0.337332308292389 
2463	 0.335280030965805 
2464	 0.333229929208755 
2465	 0.330889493227005 
2466	 0.328592896461487 
2467	 0.326369881629944 
2468	 0.324179857969284 
2469	 0.32204869389534 
2470	 0.320243865251541 
2471	 0.318343698978424 
2472	 0.316429436206818 
2473	 0.314574122428894 
2474	 0.312957793474197 
2475	 0.311375558376312 
2476	 0.309924930334091 
2477	 0.308388203382492 
2478	 0.306997239589691 
2479	 0.305633544921875 
2480	 0.304488152265549 
2481	 0.303539663553238 
2482	 0.302707344293594 
2483	 0.301788568496704 
2484	 0.300921022891998 
2485	 0.300392746925354 
2486	 0.300123542547226 
2487	 0.299783051013947 
2488	 0.29940938949585 
2489	 0.299146443605423 
2490	 0.299072772264481 
2491	 0.299431771039963 
2492	 0.299642831087112 
2493	 0.300119072198868 
2494	 0.300408184528351 
2495	 0.301017343997955 
2496	 0.301163554191589 
2497	 0.301802814006805 
2498	 0.302312225103378 
2499	 0.303147584199905 
2500	 0.303870409727097 
