Wavelength	c:/Users/Public/Halo/Exports/OtherFormats/Hynek_Natron_Set4/30174_HaloDefaultProject_HaloStandard-New Location 8-S_30174_0012.txt
350	 0.399326205253601 
351	 0.397350817918777 
352	 0.392843425273895 
353	 0.394041955471039 
354	 0.392683178186417 
355	 0.390793859958649 
356	 0.390233427286148 
357	 0.387553781270981 
358	 0.382181078195572 
359	 0.383774220943451 
360	 0.386250615119934 
361	 0.38337779045105 
362	 0.384782075881958 
363	 0.386927425861359 
364	 0.382830321788788 
365	 0.38173633813858 
366	 0.384266495704651 
367	 0.382252037525177 
368	 0.382754921913147 
369	 0.386293947696686 
370	 0.386451870203018 
371	 0.38642543554306 
372	 0.386817425489426 
373	 0.386491239070892 
374	 0.388872087001801 
375	 0.391872078180313 
376	 0.395571917295456 
377	 0.394650042057037 
378	 0.398618578910828 
379	 0.401758193969727 
380	 0.405868262052536 
381	 0.410599887371063 
382	 0.412008821964264 
383	 0.414011687040329 
384	 0.418483853340149 
385	 0.423112064599991 
386	 0.425431191921234 
387	 0.428124696016312 
388	 0.432758659124374 
389	 0.437223255634308 
390	 0.442278683185577 
391	 0.447578936815262 
392	 0.451777517795563 
393	 0.456627607345581 
394	 0.462120980024338 
395	 0.467318266630173 
396	 0.473766058683395 
397	 0.480531126260757 
398	 0.487813949584961 
399	 0.493026196956635 
400	 0.499815285205841 
401	 0.507733166217804 
402	 0.516664683818817 
403	 0.525311231613159 
404	 0.535151839256287 
405	 0.544999718666077 
406	 0.555035591125488 
407	 0.565693080425262 
408	 0.577496409416199 
409	 0.589660167694092 
410	 0.601143658161163 
411	 0.612796425819397 
412	 0.625109314918518 
413	 0.636056840419769 
414	 0.646877288818359 
415	 0.658120453357697 
416	 0.668251872062683 
417	 0.677626430988312 
418	 0.686366260051727 
419	 0.694301545619965 
420	 0.70090252161026 
421	 0.707019448280334 
422	 0.711540639400482 
423	 0.717011034488678 
424	 0.721969544887543 
425	 0.724317908287048 
426	 0.727088749408722 
427	 0.729308664798737 
428	 0.731306672096252 
429	 0.732956290245056 
430	 0.734811007976532 
431	 0.736474335193634 
432	 0.737712621688843 
433	 0.738709032535553 
434	 0.740145564079285 
435	 0.741230547428131 
436	 0.741854965686798 
437	 0.742104470729828 
438	 0.742327153682709 
439	 0.742211699485779 
440	 0.742477655410767 
441	 0.742023646831512 
442	 0.741828382015228 
443	 0.741523027420044 
444	 0.741172432899475 
445	 0.740553259849548 
446	 0.740007936954498 
447	 0.739447116851807 
448	 0.738836467266083 
449	 0.738027632236481 
450	 0.737265229225159 
451	 0.736664712429047 
452	 0.735917091369629 
453	 0.734968304634094 
454	 0.734002888202667 
455	 0.733302593231201 
456	 0.732792317867279 
457	 0.732506930828094 
458	 0.732258915901184 
459	 0.731942653656006 
460	 0.731679797172546 
461	 0.731185615062714 
462	 0.730829358100891 
463	 0.730633735656738 
464	 0.730257511138916 
465	 0.729617416858673 
466	 0.729212045669556 
467	 0.728938937187195 
468	 0.728596329689026 
469	 0.728173077106476 
470	 0.727713227272034 
471	 0.727455854415894 
472	 0.727066814899445 
473	 0.726714551448822 
474	 0.726488292217255 
475	 0.72630375623703 
476	 0.725885570049286 
477	 0.725691378116608 
478	 0.725466966629028 
479	 0.725215971469879 
480	 0.724730908870697 
481	 0.724284529685974 
482	 0.723923027515411 
483	 0.723655462265015 
484	 0.723118662834167 
485	 0.722496092319489 
486	 0.722193539142609 
487	 0.721811652183533 
488	 0.721390783786774 
489	 0.721206486225128 
490	 0.720952868461609 
491	 0.720633625984192 
492	 0.720359742641449 
493	 0.720129132270813 
494	 0.719925165176392 
495	 0.719440937042236 
496	 0.719111680984497 
497	 0.718714833259583 
498	 0.718289494514465 
499	 0.718092441558838 
500	 0.717774391174316 
501	 0.717478513717651 
502	 0.716987133026123 
503	 0.716469347476959 
504	 0.716136336326599 
505	 0.715928852558136 
506	 0.715780377388 
507	 0.715297639369965 
508	 0.714914858341217 
509	 0.714553892612457 
510	 0.714323699474335 
511	 0.713921070098877 
512	 0.713525891304016 
513	 0.713068962097168 
514	 0.712467432022095 
515	 0.711878538131714 
516	 0.711271941661835 
517	 0.7105393409729 
518	 0.710018217563629 
519	 0.709505021572113 
520	 0.709074974060059 
521	 0.708724856376648 
522	 0.708285570144653 
523	 0.707668602466583 
524	 0.707154750823975 
525	 0.706841170787811 
526	 0.706572711467743 
527	 0.706213057041168 
528	 0.705878674983978 
529	 0.70564079284668 
530	 0.705390214920044 
531	 0.705094993114471 
532	 0.704916000366211 
533	 0.704699218273163 
534	 0.704474449157715 
535	 0.704324543476105 
536	 0.704209387302399 
537	 0.704101026058197 
538	 0.703990995883942 
539	 0.703833937644959 
540	 0.703715324401855 
541	 0.703546345233917 
542	 0.70337975025177 
543	 0.703136563301086 
544	 0.702932357788086 
545	 0.70271760225296 
546	 0.70243114233017 
547	 0.702231109142303 
548	 0.702022433280945 
549	 0.701735615730286 
550	 0.701289117336273 
551	 0.700834155082703 
552	 0.700365483760834 
553	 0.699773728847504 
554	 0.699269771575928 
555	 0.698739945888519 
556	 0.698166072368622 
557	 0.697619080543518 
558	 0.69721519947052 
559	 0.696902811527252 
560	 0.696503818035126 
561	 0.695959389209747 
562	 0.695465505123138 
563	 0.695053815841675 
564	 0.69466894865036 
565	 0.694268763065338 
566	 0.693879067897797 
567	 0.693630754947662 
568	 0.693456768989563 
569	 0.693305730819702 
570	 0.693151950836182 
571	 0.693138301372528 
572	 0.693173289299011 
573	 0.693291902542114 
574	 0.69343900680542 
575	 0.693657517433167 
576	 0.694022059440613 
577	 0.694404542446136 
578	 0.69477367401123 
579	 0.695100963115692 
580	 0.695404291152954 
581	 0.695736467838287 
582	 0.69615364074707 
583	 0.696421980857849 
584	 0.696621119976044 
585	 0.696776807308197 
586	 0.696960866451263 
587	 0.697126865386963 
588	 0.697246134281158 
589	 0.697384238243103 
590	 0.697589933872223 
591	 0.697786152362823 
592	 0.697950839996338 
593	 0.698145985603333 
594	 0.698330581188202 
595	 0.698462426662445 
596	 0.698570787906647 
597	 0.698634147644043 
598	 0.698647558689117 
599	 0.698710322380066 
600	 0.698738873004913 
601	 0.698775947093964 
602	 0.698753356933594 
603	 0.698769569396973 
604	 0.69882732629776 
605	 0.69885390996933 
606	 0.698877930641174 
607	 0.698905527591705 
608	 0.698876678943634 
609	 0.698896527290344 
610	 0.698940753936768 
611	 0.699001669883728 
612	 0.699102759361267 
613	 0.699242353439331 
614	 0.699397742748261 
615	 0.699614584445953 
616	 0.6998690366745 
617	 0.700164496898651 
618	 0.700498819351196 
619	 0.700851857662201 
620	 0.701284646987915 
621	 0.701719164848328 
622	 0.702209651470184 
623	 0.702783644199371 
624	 0.703343033790588 
625	 0.703977227210999 
626	 0.704658091068268 
627	 0.705306649208069 
628	 0.705954909324646 
629	 0.706686794757843 
630	 0.707384407520294 
631	 0.708077192306519 
632	 0.708808064460754 
633	 0.709536850452423 
634	 0.710271537303925 
635	 0.711023688316345 
636	 0.711737632751465 
637	 0.712480485439301 
638	 0.713213324546814 
639	 0.713841319084167 
640	 0.714454531669617 
641	 0.715072333812714 
642	 0.715704381465912 
643	 0.716321468353271 
644	 0.716868996620178 
645	 0.717399477958679 
646	 0.717849433422089 
647	 0.71831887960434 
648	 0.718810737133026 
649	 0.719295501708984 
650	 0.719713926315308 
651	 0.720109224319458 
652	 0.720520377159119 
653	 0.720916748046875 
654	 0.721238493919373 
655	 0.721476972103119 
656	 0.721717298030853 
657	 0.721965610980988 
658	 0.722233831882477 
659	 0.722447872161865 
660	 0.722622573375702 
661	 0.722766697406769 
662	 0.7228924036026 
663	 0.722963929176331 
664	 0.722975373268127 
665	 0.722965896129608 
666	 0.722889006137848 
667	 0.722787499427795 
668	 0.722688794136047 
669	 0.722534418106079 
670	 0.722389817237854 
671	 0.722256541252136 
672	 0.722094535827637 
673	 0.722004234790802 
674	 0.721990406513214 
675	 0.722016096115112 
676	 0.721999287605286 
677	 0.722055315971375 
678	 0.722082495689392 
679	 0.722033023834229 
680	 0.722017347812653 
681	 0.722053825855255 
682	 0.722085118293762 
683	 0.722133994102478 
684	 0.722187161445618 
685	 0.722186803817749 
686	 0.722159564495087 
687	 0.722107350826263 
688	 0.722105979919434 
689	 0.722190856933594 
690	 0.722338557243347 
691	 0.722454488277435 
692	 0.722566306591034 
693	 0.722652852535248 
694	 0.722796022891998 
695	 0.723034918308258 
696	 0.723296523094177 
697	 0.723552584648132 
698	 0.723803341388702 
699	 0.724011242389679 
700	 0.724254667758942 
701	 0.724465787410736 
702	 0.724607110023499 
703	 0.724771857261658 
704	 0.724985003471375 
705	 0.725380778312683 
706	 0.725808322429657 
707	 0.726213335990906 
708	 0.726516485214233 
709	 0.726780593395233 
710	 0.7269047498703 
711	 0.726969540119171 
712	 0.727134108543396 
713	 0.727389395236969 
714	 0.727591216564178 
715	 0.727670729160309 
716	 0.727804780006409 
717	 0.728025615215302 
718	 0.728305995464325 
719	 0.728632986545563 
720	 0.728963851928711 
721	 0.729297041893005 
722	 0.729607164859772 
723	 0.729853689670563 
724	 0.730023920536041 
725	 0.730177879333496 
726	 0.730336964130402 
727	 0.730411529541016 
728	 0.73057234287262 
729	 0.730815172195435 
730	 0.731095612049103 
731	 0.731475293636322 
732	 0.73189103603363 
733	 0.73228931427002 
734	 0.7325838804245 
735	 0.732794404029846 
736	 0.732942402362823 
737	 0.733082890510559 
738	 0.733378469944 
739	 0.733741343021393 
740	 0.73415219783783 
741	 0.734588444232941 
742	 0.734979093074799 
743	 0.735360085964203 
744	 0.735658049583435 
745	 0.735770225524902 
746	 0.735851287841797 
747	 0.735993087291718 
748	 0.736293435096741 
749	 0.736623525619507 
750	 0.736882328987122 
751	 0.737040936946869 
752	 0.737234711647034 
753	 0.737519204616547 
754	 0.737788677215576 
755	 0.737955152988434 
756	 0.737981736660004 
757	 0.738118052482605 
758	 0.738333225250244 
759	 0.738537788391113 
760	 0.738547563552856 
761	 0.73858368396759 
762	 0.738730132579803 
763	 0.738929808139801 
764	 0.739131331443787 
765	 0.739430069923401 
766	 0.739750385284424 
767	 0.739978492259979 
768	 0.740245282649994 
769	 0.740503549575806 
770	 0.740701496601105 
771	 0.740834295749664 
772	 0.74098140001297 
773	 0.741130530834198 
774	 0.741281569004059 
775	 0.741402506828308 
776	 0.741442024707794 
777	 0.741478383541107 
778	 0.741509735584259 
779	 0.741544187068939 
780	 0.7415531873703 
781	 0.741585731506348 
782	 0.741664350032806 
783	 0.741788387298584 
784	 0.74190092086792 
785	 0.741991639137268 
786	 0.742117524147034 
787	 0.742226481437683 
788	 0.742319941520691 
789	 0.742404639720917 
790	 0.74239581823349 
791	 0.742371320724487 
792	 0.74234813451767 
793	 0.742408215999603 
794	 0.742498934268951 
795	 0.742565989494324 
796	 0.742624223232269 
797	 0.742709696292877 
798	 0.742726385593414 
799	 0.74271684885025 
800	 0.742769300937653 
801	 0.742855310440063 
802	 0.742928206920624 
803	 0.743001699447632 
804	 0.743004262447357 
805	 0.743035674095154 
806	 0.742964506149292 
807	 0.742841958999634 
808	 0.742801487445831 
809	 0.742695331573486 
810	 0.742583453655243 
811	 0.742515444755554 
812	 0.74262011051178 
813	 0.74267452955246 
814	 0.74267315864563 
815	 0.742620468139648 
816	 0.742644369602203 
817	 0.742688119411469 
818	 0.742728233337402 
819	 0.742736279964447 
820	 0.742718100547791 
821	 0.742632269859314 
822	 0.742574274539948 
823	 0.74263858795166 
824	 0.742730498313904 
825	 0.742733299732208 
826	 0.742656648159027 
827	 0.74259614944458 
828	 0.742567479610443 
829	 0.742581307888031 
830	 0.742558002471924 
831	 0.742489755153656 
832	 0.742471992969513 
833	 0.742474675178528 
834	 0.742447912693024 
835	 0.742438971996307 
836	 0.742362439632416 
837	 0.742239832878113 
838	 0.742135643959045 
839	 0.742075562477112 
840	 0.742045402526855 
841	 0.74201625585556 
842	 0.741913139820099 
843	 0.741774022579193 
844	 0.741690933704376 
845	 0.741702139377594 
846	 0.741658449172974 
847	 0.74163419008255 
848	 0.741582274436951 
849	 0.741560757160187 
850	 0.74153208732605 
851	 0.741501450538635 
852	 0.741499423980713 
853	 0.741484105587006 
854	 0.741526544094086 
855	 0.741542637348175 
856	 0.74148964881897 
857	 0.741394996643066 
858	 0.741354942321777 
859	 0.741365313529968 
860	 0.741446197032928 
861	 0.741474449634552 
862	 0.741517603397369 
863	 0.741536974906921 
864	 0.741522431373596 
865	 0.741452038288116 
866	 0.741321086883545 
867	 0.741230070590973 
868	 0.741180777549744 
869	 0.741136193275452 
870	 0.741116106510162 
871	 0.741107642650604 
872	 0.741021811962128 
873	 0.740961968898773 
874	 0.740967631340027 
875	 0.741031467914581 
876	 0.74108624458313 
877	 0.741100609302521 
878	 0.741088569164276 
879	 0.741115570068359 
880	 0.741186916828156 
881	 0.741243958473206 
882	 0.741295635700226 
883	 0.741389513015747 
884	 0.741486608982086 
885	 0.741548538208008 
886	 0.741657614707947 
887	 0.741761565208435 
888	 0.741758763790131 
889	 0.741713225841522 
890	 0.741690278053284 
891	 0.741686582565308 
892	 0.741707265377045 
893	 0.741706430912018 
894	 0.74164354801178 
895	 0.741620898246765 
896	 0.741637885570526 
897	 0.741646826267242 
898	 0.74161833524704 
899	 0.741576671600342 
900	 0.741555273532867 
901	 0.741541028022766 
902	 0.741590559482574 
903	 0.741643667221069 
904	 0.741602659225464 
905	 0.74154406785965 
906	 0.74151623249054 
907	 0.741468489170074 
908	 0.741488695144653 
909	 0.741470277309418 
910	 0.741414427757263 
911	 0.741387665271759 
912	 0.741399824619293 
913	 0.741358995437622 
914	 0.741309702396393 
915	 0.741345584392548 
916	 0.741375923156738 
917	 0.741416573524475 
918	 0.741443693637848 
919	 0.741500079631805 
920	 0.741520643234253 
921	 0.741517722606659 
922	 0.741598546504974 
923	 0.741548717021942 
924	 0.741501569747925 
925	 0.741527318954468 
926	 0.74152272939682 
927	 0.741531729698181 
928	 0.741579830646515 
929	 0.74167001247406 
930	 0.741668164730072 
931	 0.741626620292664 
932	 0.741631329059601 
933	 0.741637349128723 
934	 0.741681754589081 
935	 0.741751134395599 
936	 0.74178284406662 
937	 0.741829693317413 
938	 0.741935431957245 
939	 0.742018640041351 
940	 0.742054164409637 
941	 0.742079615592957 
942	 0.742125868797302 
943	 0.742198169231415 
944	 0.742308914661407 
945	 0.74240905046463 
946	 0.742472529411316 
947	 0.742486715316772 
948	 0.742558181285858 
949	 0.742687523365021 
950	 0.742682456970215 
951	 0.742666959762573 
952	 0.742695152759552 
953	 0.742705643177032 
954	 0.742796659469604 
955	 0.742848575115204 
956	 0.742857336997986 
957	 0.742850363254547 
958	 0.742892324924469 
959	 0.742884337902069 
960	 0.742878437042236 
961	 0.742868185043335 
962	 0.742821097373962 
963	 0.742882430553436 
964	 0.742925703525543 
965	 0.742863953113556 
966	 0.742853939533234 
967	 0.742824852466583 
968	 0.742750644683838 
969	 0.742649137973785 
970	 0.742729067802429 
971	 0.742753982543945 
972	 0.742745161056519 
973	 0.742701351642609 
974	 0.74264931678772 
975	 0.742660760879517 
976	 0.742695093154907 
977	 0.742607593536377 
978	 0.742584586143494 
979	 0.742693543434143 
980	 0.742766320705414 
981	 0.742830336093903 
982	 0.742887139320374 
983	 0.742848455905914 
984	 0.742867052555084 
985	 0.742895901203156 
986	 0.742920994758606 
987	 0.743079423904419 
988	 0.743281424045563 
989	 0.743343234062195 
990	 0.743340671062469 
991	 0.743360221385956 
992	 0.743413329124451 
993	 0.743430376052856 
994	 0.74336838722229 
995	 0.74349844455719 
996	 0.743508696556091 
997	 0.743661522865295 
998	 0.743842840194702 
999	 0.743860006332397 
1000	 0.743961572647095 
1001	 0.743992745876312 
1002	 0.74391496181488 
1003	 0.744128346443176 
1004	 0.744057893753052 
1005	 0.743944108486176 
1006	 0.744094252586365 
1007	 0.744086146354675 
1008	 0.744124352931976 
1009	 0.744204342365265 
1010	 0.744189500808716 
1011	 0.744114935398102 
1012	 0.74422824382782 
1013	 0.744331359863281 
1014	 0.744324803352356 
1015	 0.744334578514099 
1016	 0.744283139705658 
1017	 0.744325637817383 
1018	 0.744463384151459 
1019	 0.74447500705719 
1020	 0.744554042816162 
1021	 0.744426727294922 
1022	 0.744347035884857 
1023	 0.744280755519867 
1024	 0.744280457496643 
1025	 0.744486391544342 
1026	 0.744483530521393 
1027	 0.744567930698395 
1028	 0.744469285011292 
1029	 0.744325280189514 
1030	 0.744340002536774 
1031	 0.74446564912796 
1032	 0.744663655757904 
1033	 0.744758069515228 
1034	 0.744834840297699 
1035	 0.744853675365448 
1036	 0.744859755039215 
1037	 0.745004057884216 
1038	 0.745064854621887 
1039	 0.745151340961456 
1040	 0.745306730270386 
1041	 0.745407283306122 
1042	 0.745366752147675 
1043	 0.745263516902924 
1044	 0.74524849653244 
1045	 0.745265603065491 
1046	 0.74540638923645 
1047	 0.745568573474884 
1048	 0.745578110218048 
1049	 0.745465993881226 
1050	 0.745477437973022 
1051	 0.745559453964233 
1052	 0.74555492401123 
1053	 0.745624959468842 
1054	 0.745602488517761 
1055	 0.745679914951324 
1056	 0.745536983013153 
1057	 0.74549013376236 
1058	 0.745611667633057 
1059	 0.745527267456055 
1060	 0.745494306087494 
1061	 0.745563626289368 
1062	 0.745548903942108 
1063	 0.745551764965057 
1064	 0.745695292949677 
1065	 0.745572328567505 
1066	 0.7455113530159 
1067	 0.745575964450836 
1068	 0.745760321617126 
1069	 0.745832741260529 
1070	 0.745794594287872 
1071	 0.745768964290619 
1072	 0.745764017105103 
1073	 0.745716333389282 
1074	 0.745612800121307 
1075	 0.745631515979767 
1076	 0.745669424533844 
1077	 0.7457075715065 
1078	 0.745758056640625 
1079	 0.745734989643097 
1080	 0.745825111865997 
1081	 0.74577522277832 
1082	 0.745791852474213 
1083	 0.74584835767746 
1084	 0.745804727077484 
1085	 0.745794057846069 
1086	 0.74582177400589 
1087	 0.745745956897736 
1088	 0.745738863945007 
1089	 0.745743811130524 
1090	 0.745751798152924 
1091	 0.745812177658081 
1092	 0.745899260044098 
1093	 0.745929419994354 
1094	 0.74607127904892 
1095	 0.746119201183319 
1096	 0.746109902858734 
1097	 0.746181011199951 
1098	 0.746213436126709 
1099	 0.746305763721466 
1100	 0.74635910987854 
1101	 0.746394515037537 
1102	 0.746382832527161 
1103	 0.746336102485657 
1104	 0.746393382549286 
1105	 0.746409296989441 
1106	 0.746445596218109 
1107	 0.746484518051147 
1108	 0.746383190155029 
1109	 0.746397137641907 
1110	 0.746376872062683 
1111	 0.746357798576355 
1112	 0.74637359380722 
1113	 0.746431171894073 
1114	 0.746399223804474 
1115	 0.746368169784546 
1116	 0.746272921562195 
1117	 0.746219098567963 
1118	 0.746169447898865 
1119	 0.746116578578949 
1120	 0.746072888374329 
1121	 0.745881617069244 
1122	 0.745684385299683 
1123	 0.745475649833679 
1124	 0.745318114757538 
1125	 0.745124340057373 
1126	 0.744886994361877 
1127	 0.744570255279541 
1128	 0.744320809841156 
1129	 0.744042158126831 
1130	 0.743697643280029 
1131	 0.743269145488739 
1132	 0.742824852466583 
1133	 0.742324233055115 
1134	 0.741726636886597 
1135	 0.741200149059296 
1136	 0.740649163722992 
1137	 0.74017471075058 
1138	 0.739678502082825 
1139	 0.739178836345673 
1140	 0.738702654838562 
1141	 0.738102972507477 
1142	 0.73761111497879 
1143	 0.737287938594818 
1144	 0.737034618854523 
1145	 0.736827373504639 
1146	 0.736762940883636 
1147	 0.736735343933105 
1148	 0.736834347248077 
1149	 0.73702734708786 
1150	 0.737240552902222 
1151	 0.737524628639221 
1152	 0.737764477729797 
1153	 0.7380411028862 
1154	 0.73838084936142 
1155	 0.738750398159027 
1156	 0.739179253578186 
1157	 0.739548683166504 
1158	 0.739797592163086 
1159	 0.740027725696564 
1160	 0.740228235721588 
1161	 0.740346968173981 
1162	 0.74048238992691 
1163	 0.740543603897095 
1164	 0.740578293800354 
1165	 0.740563631057739 
1166	 0.740573883056641 
1167	 0.740615665912628 
1168	 0.740656018257141 
1169	 0.740678131580353 
1170	 0.740591168403625 
1171	 0.740581572055817 
1172	 0.740536212921143 
1173	 0.740442931652069 
1174	 0.740428686141968 
1175	 0.740437388420105 
1176	 0.740324974060059 
1177	 0.740247547626495 
1178	 0.740135014057159 
1179	 0.740024507045746 
1180	 0.739867687225342 
1181	 0.739716172218323 
1182	 0.739579319953918 
1183	 0.739404857158661 
1184	 0.739199101924896 
1185	 0.739054679870605 
1186	 0.738827764987946 
1187	 0.738487482070923 
1188	 0.738207995891571 
1189	 0.737955093383789 
1190	 0.737712204456329 
1191	 0.737420380115509 
1192	 0.737084627151489 
1193	 0.736696600914001 
1194	 0.736348688602448 
1195	 0.735982596874237 
1196	 0.735627591609955 
1197	 0.735193848609924 
1198	 0.734763860702515 
1199	 0.734418034553528 
1200	 0.734071552753448 
1201	 0.733747601509094 
1202	 0.733454406261444 
1203	 0.733124732971191 
1204	 0.732778549194336 
1205	 0.732535064220428 
1206	 0.732212126255035 
1207	 0.731940567493439 
1208	 0.731647372245789 
1209	 0.731366455554962 
1210	 0.73110044002533 
1211	 0.730956554412842 
1212	 0.730820894241333 
1213	 0.730751097202301 
1214	 0.730772793292999 
1215	 0.730764627456665 
1216	 0.730766355991364 
1217	 0.730726301670074 
1218	 0.730748772621155 
1219	 0.730772078037262 
1220	 0.730880439281464 
1221	 0.731117248535156 
1222	 0.731240093708038 
1223	 0.731355905532837 
1224	 0.731519520282745 
1225	 0.73170018196106 
1226	 0.731961667537689 
1227	 0.732201933860779 
1228	 0.732422232627869 
1229	 0.732599794864655 
1230	 0.732835471630096 
1231	 0.733048677444458 
1232	 0.73321658372879 
1233	 0.733404576778412 
1234	 0.733555972576141 
1235	 0.73368114233017 
1236	 0.733853876590729 
1237	 0.73407506942749 
1238	 0.734268426895142 
1239	 0.734480142593384 
1240	 0.734619855880737 
1241	 0.734797537326813 
1242	 0.734949707984924 
1243	 0.735141158103943 
1244	 0.735283255577087 
1245	 0.735418140888214 
1246	 0.735658884048462 
1247	 0.735837280750275 
1248	 0.736023426055908 
1249	 0.73616361618042 
1250	 0.736310303211212 
1251	 0.73646467924118 
1252	 0.736667692661285 
1253	 0.736814260482788 
1254	 0.736947894096375 
1255	 0.73701936006546 
1256	 0.737130880355835 
1257	 0.737295091152191 
1258	 0.737409234046936 
1259	 0.737517297267914 
1260	 0.737612187862396 
1261	 0.737692713737488 
1262	 0.737764775753021 
1263	 0.737823307514191 
1264	 0.73784863948822 
1265	 0.737898230552673 
1266	 0.737948358058929 
1267	 0.737959682941437 
1268	 0.737947463989258 
1269	 0.738016366958618 
1270	 0.73809677362442 
1271	 0.738209247589111 
1272	 0.738297462463379 
1273	 0.738332629203796 
1274	 0.738358497619629 
1275	 0.738391041755676 
1276	 0.738443672657013 
1277	 0.738462328910828 
1278	 0.738528072834015 
1279	 0.738589942455292 
1280	 0.738669395446777 
1281	 0.738707363605499 
1282	 0.738744139671326 
1283	 0.738775908946991 
1284	 0.73881596326828 
1285	 0.738913297653198 
1286	 0.738936901092529 
1287	 0.738981604576111 
1288	 0.738995552062988 
1289	 0.739052951335907 
1290	 0.73915159702301 
1291	 0.739289462566376 
1292	 0.739384531974792 
1293	 0.739467978477478 
1294	 0.739564061164856 
1295	 0.739622890949249 
1296	 0.739675760269165 
1297	 0.739754736423492 
1298	 0.739814698696136 
1299	 0.739863038063049 
1300	 0.739909708499908 
1301	 0.739943563938141 
1302	 0.739898443222046 
1303	 0.739906430244446 
1304	 0.739867806434631 
1305	 0.739863991737366 
1306	 0.739888310432434 
1307	 0.73991334438324 
1308	 0.739947199821472 
1309	 0.739932954311371 
1310	 0.739896595478058 
1311	 0.739875614643097 
1312	 0.739797711372375 
1313	 0.739773035049438 
1314	 0.739749550819397 
1315	 0.739685833454132 
1316	 0.739589393138886 
1317	 0.739476561546326 
1318	 0.739323794841766 
1319	 0.739199638366699 
1320	 0.739094793796539 
1321	 0.738964557647705 
1322	 0.738847851753235 
1323	 0.738722383975983 
1324	 0.738613963127136 
1325	 0.738475263118744 
1326	 0.738378465175629 
1327	 0.738205313682556 
1328	 0.738067507743835 
1329	 0.737872660160065 
1330	 0.737703561782837 
1331	 0.737524211406708 
1332	 0.737274050712585 
1333	 0.737068772315979 
1334	 0.736860871315002 
1335	 0.736615836620331 
1336	 0.736392080783844 
1337	 0.736116528511047 
1338	 0.735876441001892 
1339	 0.735602200031281 
1340	 0.735315084457397 
1341	 0.735007047653198 
1342	 0.734712958335876 
1343	 0.734319925308228 
1344	 0.733915448188782 
1345	 0.733482122421265 
1346	 0.732995748519897 
1347	 0.73254519701004 
1348	 0.732124030590057 
1349	 0.731645464897156 
1350	 0.731200218200684 
1351	 0.730654001235962 
1352	 0.730095684528351 
1353	 0.729559659957886 
1354	 0.729016184806824 
1355	 0.728443026542664 
1356	 0.727892398834229 
1357	 0.727312624454498 
1358	 0.726740419864655 
1359	 0.726148426532745 
1360	 0.725575745105743 
1361	 0.724980592727661 
1362	 0.724382519721985 
1363	 0.723767876625061 
1364	 0.723271250724792 
1365	 0.72275322675705 
1366	 0.722244799137115 
1367	 0.721786022186279 
1368	 0.721328735351563 
1369	 0.720858871936798 
1370	 0.720439791679382 
1371	 0.720012605190277 
1372	 0.719645023345947 
1373	 0.719299614429474 
1374	 0.718959510326386 
1375	 0.718632459640503 
1376	 0.718283712863922 
1377	 0.717900276184082 
1378	 0.717593312263489 
1379	 0.717214643955231 
1380	 0.716856718063354 
1381	 0.716472566127777 
1382	 0.716043829917908 
1383	 0.715608835220337 
1384	 0.715107560157776 
1385	 0.714626014232636 
1386	 0.714107394218445 
1387	 0.713529825210571 
1388	 0.712944388389587 
1389	 0.712294042110443 
1390	 0.711642980575562 
1391	 0.710959732532501 
1392	 0.710204422473907 
1393	 0.709535539150238 
1394	 0.708828330039978 
1395	 0.708119690418243 
1396	 0.70738673210144 
1397	 0.706667840480804 
1398	 0.705871045589447 
1399	 0.705003142356873 
1400	 0.704042553901672 
1401	 0.703040361404419 
1402	 0.701902389526367 
1403	 0.700656831264496 
1404	 0.699322462081909 
1405	 0.697874784469604 
1406	 0.696277260780334 
1407	 0.694601118564606 
1408	 0.69273829460144 
1409	 0.690763115882874 
1410	 0.68865430355072 
1411	 0.6864093542099 
1412	 0.684174239635468 
1413	 0.681862413883209 
1414	 0.679623305797577 
1415	 0.677484750747681 
1416	 0.675425946712494 
1417	 0.673441648483276 
1418	 0.671577334403992 
1419	 0.669777572154999 
1420	 0.668067395687103 
1421	 0.666304409503937 
1422	 0.664601981639862 
1423	 0.662884414196014 
1424	 0.66116201877594 
1425	 0.65948224067688 
1426	 0.65778648853302 
1427	 0.656142055988312 
1428	 0.654543817043304 
1429	 0.652992486953735 
1430	 0.651556491851807 
1431	 0.650194942951202 
1432	 0.648839294910431 
1433	 0.64760959148407 
1434	 0.646450519561768 
1435	 0.645363032817841 
1436	 0.644355237483978 
1437	 0.643417418003082 
1438	 0.642515599727631 
1439	 0.641688585281372 
1440	 0.640918552875519 
1441	 0.640246629714966 
1442	 0.639596164226532 
1443	 0.638995766639709 
1444	 0.638406991958618 
1445	 0.637830913066864 
1446	 0.637319028377533 
1447	 0.636777102947235 
1448	 0.636302471160889 
1449	 0.635794222354889 
1450	 0.635304749011993 
1451	 0.634820997714996 
1452	 0.634353816509247 
1453	 0.633854568004608 
1454	 0.633370757102966 
1455	 0.632896184921265 
1456	 0.632391810417175 
1457	 0.631880044937134 
1458	 0.631402730941772 
1459	 0.630946695804596 
1460	 0.630450487136841 
1461	 0.629951238632202 
1462	 0.629444539546967 
1463	 0.628882527351379 
1464	 0.628381073474884 
1465	 0.62784343957901 
1466	 0.627349257469177 
1467	 0.626866400241852 
1468	 0.626342713832855 
1469	 0.625900268554688 
1470	 0.625436067581177 
1471	 0.624981820583344 
1472	 0.624554812908173 
1473	 0.624145686626434 
1474	 0.623760402202606 
1475	 0.623405694961548 
1476	 0.623077809810638 
1477	 0.622842907905579 
1478	 0.622580051422119 
1479	 0.622397005558014 
1480	 0.622193038463593 
1481	 0.622025072574615 
1482	 0.621897578239441 
1483	 0.621844887733459 
1484	 0.621823251247406 
1485	 0.621782422065735 
1486	 0.621838569641113 
1487	 0.621923089027405 
1488	 0.622054100036621 
1489	 0.622201263904572 
1490	 0.622415900230408 
1491	 0.622632563114166 
1492	 0.62281721830368 
1493	 0.623062968254089 
1494	 0.623363852500916 
1495	 0.623712301254272 
1496	 0.624109387397766 
1497	 0.624455571174622 
1498	 0.624858140945435 
1499	 0.625251412391663 
1500	 0.625683128833771 
1501	 0.626149356365204 
1502	 0.626602828502655 
1503	 0.627086818218231 
1504	 0.627597272396088 
1505	 0.628100037574768 
1506	 0.628593444824219 
1507	 0.629091143608093 
1508	 0.629578351974487 
1509	 0.630018055438995 
1510	 0.630471348762512 
1511	 0.630945324897766 
1512	 0.631414234638214 
1513	 0.631874799728394 
1514	 0.632347285747528 
1515	 0.632842004299164 
1516	 0.633287012577057 
1517	 0.63373863697052 
1518	 0.634124219417572 
1519	 0.634542167186737 
1520	 0.634915411472321 
1521	 0.635284662246704 
1522	 0.635676145553589 
1523	 0.636000752449036 
1524	 0.6362464427948 
1525	 0.63651180267334 
1526	 0.636715710163116 
1527	 0.636982202529907 
1528	 0.637185454368591 
1529	 0.637410998344421 
1530	 0.637566328048706 
1531	 0.637740314006805 
1532	 0.637911558151245 
1533	 0.638061702251434 
1534	 0.638258814811707 
1535	 0.638401091098785 
1536	 0.638564586639404 
1537	 0.638687491416931 
1538	 0.638862371444702 
1539	 0.639024674892426 
1540	 0.639148592948914 
1541	 0.639288544654846 
1542	 0.63944137096405 
1543	 0.639579713344574 
1544	 0.639731585979462 
1545	 0.639936983585358 
1546	 0.640093982219696 
1547	 0.640290796756744 
1548	 0.640484571456909 
1549	 0.640707015991211 
1550	 0.640932857990265 
1551	 0.641137480735779 
1552	 0.641331672668457 
1553	 0.641516983509064 
1554	 0.641713201999664 
1555	 0.641945004463196 
1556	 0.642202079296112 
1557	 0.642431557178497 
1558	 0.642644822597504 
1559	 0.642832934856415 
1560	 0.643004179000854 
1561	 0.643195331096649 
1562	 0.643419504165649 
1563	 0.643682539463043 
1564	 0.643900394439697 
1565	 0.644088864326477 
1566	 0.644253730773926 
1567	 0.644412398338318 
1568	 0.644575357437134 
1569	 0.644729137420654 
1570	 0.644927620887756 
1571	 0.645140588283539 
1572	 0.645344495773315 
1573	 0.645581781864166 
1574	 0.645794749259949 
1575	 0.645976185798645 
1576	 0.646166563034058 
1577	 0.646375179290771 
1578	 0.64654815196991 
1579	 0.64672839641571 
1580	 0.646866619586945 
1581	 0.647022902965546 
1582	 0.647238314151764 
1583	 0.647450864315033 
1584	 0.647689402103424 
1585	 0.647921979427338 
1586	 0.648172855377197 
1587	 0.648531556129456 
1588	 0.648874998092651 
1589	 0.649265348911285 
1590	 0.649717211723328 
1591	 0.650191605091095 
1592	 0.650728821754456 
1593	 0.651319801807404 
1594	 0.651893317699432 
1595	 0.652490556240082 
1596	 0.653155386447906 
1597	 0.653825283050537 
1598	 0.654508471488953 
1599	 0.655267119407654 
1600	 0.655988454818726 
1601	 0.656759560108185 
1602	 0.657524526119232 
1603	 0.658257067203522 
1604	 0.659020900726318 
1605	 0.659770667552948 
1606	 0.660545945167542 
1607	 0.661317825317383 
1608	 0.662045300006866 
1609	 0.662769734859467 
1610	 0.66352379322052 
1611	 0.664239346981049 
1612	 0.664958953857422 
1613	 0.665641129016876 
1614	 0.666316568851471 
1615	 0.66690981388092 
1616	 0.667518496513367 
1617	 0.66803240776062 
1618	 0.668528735637665 
1619	 0.669001519680023 
1620	 0.669403433799744 
1621	 0.669723570346832 
1622	 0.669973433017731 
1623	 0.670197248458862 
1624	 0.670299053192139 
1625	 0.670427680015564 
1626	 0.670470297336578 
1627	 0.67052173614502 
1628	 0.670525431632996 
1629	 0.670509696006775 
1630	 0.670451879501343 
1631	 0.670386135578156 
1632	 0.670367360115051 
1633	 0.670380294322968 
1634	 0.670386016368866 
1635	 0.67043673992157 
1636	 0.670542538166046 
1637	 0.670705616474152 
1638	 0.670962989330292 
1639	 0.671266555786133 
1640	 0.671550393104553 
1641	 0.671851694583893 
1642	 0.672176361083984 
1643	 0.672575712203979 
1644	 0.672969579696655 
1645	 0.673425197601318 
1646	 0.673958659172058 
1647	 0.674490094184875 
1648	 0.675022125244141 
1649	 0.675638258457184 
1650	 0.67622846364975 
1651	 0.676698625087738 
1652	 0.677089095115662 
1653	 0.677328944206238 
1654	 0.677394211292267 
1655	 0.677271246910095 
1656	 0.676901936531067 
1657	 0.676407873630524 
1658	 0.675705015659332 
1659	 0.674830973148346 
1660	 0.673819065093994 
1661	 0.672659277915955 
1662	 0.67130035161972 
1663	 0.66978907585144 
1664	 0.668303549289703 
1665	 0.666824162006378 
1666	 0.665324151515961 
1667	 0.663810551166534 
1668	 0.662284553050995 
1669	 0.660689055919647 
1670	 0.659202694892883 
1671	 0.657763242721558 
1672	 0.656365633010864 
1673	 0.655078887939453 
1674	 0.653913855552673 
1675	 0.652823567390442 
1676	 0.651884853839874 
1677	 0.651051819324493 
1678	 0.650294601917267 
1679	 0.649652004241943 
1680	 0.649172723293304 
1681	 0.648791372776031 
1682	 0.648506760597229 
1683	 0.648262619972229 
1684	 0.64810448884964 
1685	 0.648038446903229 
1686	 0.648034274578094 
1687	 0.648029983043671 
1688	 0.648004353046417 
1689	 0.648055493831635 
1690	 0.648089110851288 
1691	 0.648078858852386 
1692	 0.648141860961914 
1693	 0.648190140724182 
1694	 0.648285150527954 
1695	 0.648420691490173 
1696	 0.648616492748261 
1697	 0.648849010467529 
1698	 0.649213016033173 
1699	 0.649654448032379 
1700	 0.650127351284027 
1701	 0.650587141513824 
1702	 0.651120901107788 
1703	 0.651646733283997 
1704	 0.652143359184265 
1705	 0.652688801288605 
1706	 0.653135716915131 
1707	 0.653527915477753 
1708	 0.65386563539505 
1709	 0.654108285903931 
1710	 0.654309570789337 
1711	 0.654486358165741 
1712	 0.654569327831268 
1713	 0.654618561267853 
1714	 0.654682040214539 
1715	 0.654693484306335 
1716	 0.654679179191589 
1717	 0.654627323150635 
1718	 0.654561638832092 
1719	 0.654426038265228 
1720	 0.654309093952179 
1721	 0.654208719730377 
1722	 0.654141128063202 
1723	 0.654065191745758 
1724	 0.653983950614929 
1725	 0.653940320014954 
1726	 0.653946161270142 
1727	 0.654005229473114 
1728	 0.654146194458008 
1729	 0.654399335384369 
1730	 0.654679536819458 
1731	 0.655047178268433 
1732	 0.655504465103149 
1733	 0.655969202518463 
1734	 0.656429708003998 
1735	 0.656954407691956 
1736	 0.65740430355072 
1737	 0.657825112342834 
1738	 0.65813934803009 
1739	 0.658383369445801 
1740	 0.6586092710495 
1741	 0.658700585365295 
1742	 0.658718705177307 
1743	 0.658618092536926 
1744	 0.658429384231567 
1745	 0.658139765262604 
1746	 0.657748639583588 
1747	 0.657267987728119 
1748	 0.656734466552734 
1749	 0.656033396720886 
1750	 0.655322730541229 
1751	 0.654601693153381 
1752	 0.653966188430786 
1753	 0.6533043384552 
1754	 0.652679622173309 
1755	 0.652078628540039 
1756	 0.651502311229706 
1757	 0.650988221168518 
1758	 0.650457501411438 
1759	 0.649983704090118 
1760	 0.649513781070709 
1761	 0.649052977561951 
1762	 0.648656785488129 
1763	 0.64832603931427 
1764	 0.648028492927551 
1765	 0.647826611995697 
1766	 0.647674083709717 
1767	 0.647623836994171 
1768	 0.647724568843842 
1769	 0.647919476032257 
1770	 0.648133635520935 
1771	 0.64839643239975 
1772	 0.648657321929932 
1773	 0.648933708667755 
1774	 0.649209022521973 
1775	 0.649506211280823 
1776	 0.649766385555267 
1777	 0.64997810125351 
1778	 0.650087535381317 
1779	 0.650189101696014 
1780	 0.650239050388336 
1781	 0.650295615196228 
1782	 0.650343179702759 
1783	 0.650379538536072 
1784	 0.650390565395355 
1785	 0.650311172008514 
1786	 0.65031498670578 
1787	 0.650295197963715 
1788	 0.650295794010162 
1789	 0.650375485420227 
1790	 0.650421977043152 
1791	 0.650495529174805 
1792	 0.650586247444153 
1793	 0.650759756565094 
1794	 0.650948107242584 
1795	 0.651129841804504 
1796	 0.651253759860992 
1797	 0.651414692401886 
1798	 0.651453793048859 
1799	 0.651592195034027 
1800	 0.651696860790253 
1801	 0.651877343654633 
1802	 0.651997685432434 
1803	 0.652046918869019 
1804	 0.652041018009186 
1805	 0.651980698108673 
1806	 0.651950180530548 
1807	 0.651984930038452 
1808	 0.651987373828888 
1809	 0.651983201503754 
1810	 0.65192574262619 
1811	 0.651946067810059 
1812	 0.651886761188507 
1813	 0.651826620101929 
1814	 0.651951730251312 
1815	 0.652095377445221 
1816	 0.652319431304932 
1817	 0.652511239051819 
1818	 0.652696430683136 
1819	 0.652786433696747 
1820	 0.653040409088135 
1821	 0.653251647949219 
1822	 0.653452634811401 
1823	 0.653659641742706 
1824	 0.653833866119385 
1825	 0.653956651687622 
1826	 0.654098033905029 
1827	 0.654199957847595 
1828	 0.654339969158173 
1829	 0.654466807842255 
1830	 0.654562175273895 
1831	 0.654690444469452 
1832	 0.654907822608948 
1833	 0.65512228012085 
1834	 0.655356168746948 
1835	 0.655555129051209 
1836	 0.655744910240173 
1837	 0.655961394309998 
1838	 0.656195402145386 
1839	 0.656449317932129 
1840	 0.656768977642059 
1841	 0.657063364982605 
1842	 0.657397985458374 
1843	 0.657737374305725 
1844	 0.658072650432587 
1845	 0.658371984958649 
1846	 0.658598303794861 
1847	 0.658903360366821 
1848	 0.659155964851379 
1849	 0.659445345401764 
1850	 0.659619688987732 
1851	 0.659763336181641 
1852	 0.659904360771179 
1853	 0.659993350505829 
1854	 0.660046756267548 
1855	 0.660054385662079 
1856	 0.660065829753876 
1857	 0.660071134567261 
1858	 0.660028040409088 
1859	 0.660018265247345 
1860	 0.659934639930725 
1861	 0.659888088703156 
1862	 0.659755170345306 
1863	 0.659643709659576 
1864	 0.659501671791077 
1865	 0.659327030181885 
1866	 0.659135282039642 
1867	 0.658806502819061 
1868	 0.658453285694122 
1869	 0.658056020736694 
1870	 0.657693028450012 
1871	 0.657220304012299 
1872	 0.656825363636017 
1873	 0.656391084194183 
1874	 0.655950427055359 
1875	 0.655431926250458 
1876	 0.654806911945343 
1877	 0.654062151908875 
1878	 0.653217196464539 
1879	 0.652290761470795 
1880	 0.651265621185303 
1881	 0.650130033493042 
1882	 0.648872852325439 
1883	 0.647471308708191 
1884	 0.645856380462646 
1885	 0.644185125827789 
1886	 0.642355620861053 
1887	 0.64043653011322 
1888	 0.638354241847992 
1889	 0.636085748672485 
1890	 0.633672177791595 
1891	 0.631088972091675 
1892	 0.628434658050537 
1893	 0.625595092773438 
1894	 0.622588157653809 
1895	 0.619345903396606 
1896	 0.615966320037842 
1897	 0.612502455711365 
1898	 0.608987271785736 
1899	 0.605418741703033 
1900	 0.601836740970612 
1901	 0.598227977752686 
1902	 0.594562590122223 
1903	 0.590989172458649 
1904	 0.587418675422668 
1905	 0.584015309810638 
1906	 0.580763757228851 
1907	 0.57760363817215 
1908	 0.574591815471649 
1909	 0.571743786334991 
1910	 0.569010555744171 
1911	 0.566429674625397 
1912	 0.563994944095612 
1913	 0.561794936656952 
1914	 0.559754014015198 
1915	 0.557883083820343 
1916	 0.556144714355469 
1917	 0.55453234910965 
1918	 0.553090155124664 
1919	 0.551860332489014 
1920	 0.55082643032074 
1921	 0.549908697605133 
1922	 0.549196064472198 
1923	 0.548551917076111 
1924	 0.548033475875854 
1925	 0.547724962234497 
1926	 0.547520995140076 
1927	 0.547443151473999 
1928	 0.547505140304565 
1929	 0.547644317150116 
1930	 0.547866404056549 
1931	 0.548204064369202 
1932	 0.548649191856384 
1933	 0.549170672893524 
1934	 0.54977148771286 
1935	 0.55046159029007 
1936	 0.551218807697296 
1937	 0.552051723003387 
1938	 0.552959740161896 
1939	 0.553866624832153 
1940	 0.554848909378052 
1941	 0.555846512317657 
1942	 0.5568967461586 
1943	 0.557965278625488 
1944	 0.559040069580078 
1945	 0.560113668441772 
1946	 0.561160802841187 
1947	 0.562256872653961 
1948	 0.563373208045959 
1949	 0.564474523067474 
1950	 0.5656578540802 
1951	 0.566779553890228 
1952	 0.567947506904602 
1953	 0.569075703620911 
1954	 0.570221841335297 
1955	 0.571330070495605 
1956	 0.572465300559998 
1957	 0.573579430580139 
1958	 0.574612975120544 
1959	 0.575708746910095 
1960	 0.576733827590942 
1961	 0.577742457389832 
1962	 0.578730702400208 
1963	 0.579667210578918 
1964	 0.580622494220734 
1965	 0.581522643566132 
1966	 0.582429766654968 
1967	 0.583351314067841 
1968	 0.584294319152832 
1969	 0.585222125053406 
1970	 0.586166977882385 
1971	 0.587079763412476 
1972	 0.587996780872345 
1973	 0.588898658752441 
1974	 0.589844882488251 
1975	 0.590763628482819 
1976	 0.591669201850891 
1977	 0.592571914196014 
1978	 0.593398571014404 
1979	 0.59421706199646 
1980	 0.595020234584808 
1981	 0.595737755298615 
1982	 0.596482753753662 
1983	 0.597140729427338 
1984	 0.597768723964691 
1985	 0.598412752151489 
1986	 0.598966002464294 
1987	 0.5995774269104 
1988	 0.600085854530334 
1989	 0.600556194782257 
1990	 0.600955128669739 
1991	 0.60129976272583 
1992	 0.601613223552704 
1993	 0.601892292499542 
1994	 0.602097630500793 
1995	 0.60230827331543 
1996	 0.602507650852203 
1997	 0.602665424346924 
1998	 0.602753043174744 
1999	 0.602797269821167 
2000	 0.6027792096138 
2001	 0.602769434452057 
2002	 0.602683961391449 
2003	 0.602614045143127 
2004	 0.602457582950592 
2005	 0.602291882038116 
2006	 0.601986169815063 
2007	 0.601595640182495 
2008	 0.601124048233032 
2009	 0.60063236951828 
2010	 0.600042521953583 
2011	 0.599374890327454 
2012	 0.598661959171295 
2013	 0.597748219966888 
2014	 0.59686005115509 
2015	 0.595852613449097 
2016	 0.594783008098602 
2017	 0.593644142150879 
2018	 0.592437148094177 
2019	 0.591159760951996 
2020	 0.589850604534149 
2021	 0.588400602340698 
2022	 0.586879372596741 
2023	 0.585300087928772 
2024	 0.583658456802368 
2025	 0.582004308700562 
2026	 0.580225706100464 
2027	 0.578428864479065 
2028	 0.576598286628723 
2029	 0.574683904647827 
2030	 0.572725832462311 
2031	 0.570748686790466 
2032	 0.568741202354431 
2033	 0.566668391227722 
2034	 0.564540863037109 
2035	 0.562363803386688 
2036	 0.560167789459229 
2037	 0.55799126625061 
2038	 0.555684626102448 
2039	 0.553313314914703 
2040	 0.550932824611664 
2041	 0.548475384712219 
2042	 0.546070635318756 
2043	 0.543680906295776 
2044	 0.541298925876617 
2045	 0.538920760154724 
2046	 0.536502420902252 
2047	 0.534031748771667 
2048	 0.531569182872772 
2049	 0.529188096523285 
2050	 0.526899695396423 
2051	 0.524614751338959 
2052	 0.52236270904541 
2053	 0.520090818405151 
2054	 0.517895996570587 
2055	 0.515784859657288 
2056	 0.513719975948334 
2057	 0.511704206466675 
2058	 0.509642243385315 
2059	 0.507584989070892 
2060	 0.505514681339264 
2061	 0.503523707389832 
2062	 0.501612842082977 
2063	 0.499747306108475 
2064	 0.497898787260056 
2065	 0.496075183153152 
2066	 0.494274228811264 
2067	 0.49249541759491 
2068	 0.490809828042984 
2069	 0.489132255315781 
2070	 0.487505972385406 
2071	 0.485956966876984 
2072	 0.484443038702011 
2073	 0.482970237731934 
2074	 0.481616199016571 
2075	 0.480289071798325 
2076	 0.479061961174011 
2077	 0.477832436561584 
2078	 0.476719260215759 
2079	 0.475622028112412 
2080	 0.474610030651093 
2081	 0.473594903945923 
2082	 0.472640335559845 
2083	 0.471738994121552 
2084	 0.470887660980225 
2085	 0.470074683427811 
2086	 0.469341099262238 
2087	 0.468638598918915 
2088	 0.467987298965454 
2089	 0.467358261346817 
2090	 0.466718792915344 
2091	 0.466143071651459 
2092	 0.465554475784302 
2093	 0.465024769306183 
2094	 0.464528024196625 
2095	 0.464042723178864 
2096	 0.463584542274475 
2097	 0.463178783655167 
2098	 0.46277266740799 
2099	 0.462411522865295 
2100	 0.462179213762283 
2101	 0.461973786354065 
2102	 0.461820721626282 
2103	 0.461675018072128 
2104	 0.461640655994415 
2105	 0.461684048175812 
2106	 0.461822181940079 
2107	 0.461991876363754 
2108	 0.462154448032379 
2109	 0.462407171726227 
2110	 0.462808579206467 
2111	 0.46318519115448 
2112	 0.463674277067184 
2113	 0.464111000299454 
2114	 0.464620053768158 
2115	 0.465148061513901 
2116	 0.465699672698975 
2117	 0.466344177722931 
2118	 0.467046767473221 
2119	 0.467728853225708 
2120	 0.468475461006165 
2121	 0.469194829463959 
2122	 0.470023095607758 
2123	 0.470923781394959 
2124	 0.471853971481323 
2125	 0.472797453403473 
2126	 0.473730981349945 
2127	 0.474658012390137 
2128	 0.475622951984406 
2129	 0.476510047912598 
2130	 0.477357715368271 
2131	 0.478160321712494 
2132	 0.478834897279739 
2133	 0.479419440031052 
2134	 0.479844480752945 
2135	 0.480165123939514 
2136	 0.480390578508377 
2137	 0.480551600456238 
2138	 0.480629146099091 
2139	 0.48061928153038 
2140	 0.480670690536499 
2141	 0.480787724256516 
2142	 0.4809909760952 
2143	 0.481345504522324 
2144	 0.481837898492813 
2145	 0.482486039400101 
2146	 0.48328423500061 
2147	 0.484254777431488 
2148	 0.485230505466461 
2149	 0.486274391412735 
2150	 0.487289756536484 
2151	 0.488263338804245 
2152	 0.489238321781158 
2153	 0.490019559860229 
2154	 0.490747928619385 
2155	 0.491305530071259 
2156	 0.491800010204315 
2157	 0.4921715259552 
2158	 0.49249866604805 
2159	 0.492865711450577 
2160	 0.493207156658173 
2161	 0.493493318557739 
2162	 0.493757873773575 
2163	 0.494102388620377 
2164	 0.494533360004425 
2165	 0.494930177927017 
2166	 0.495386689901352 
2167	 0.495943963527679 
2168	 0.496574640274048 
2169	 0.497194439172745 
2170	 0.497991174459457 
2171	 0.49896976351738 
2172	 0.50006777048111 
2173	 0.50128298997879 
2174	 0.502536654472351 
2175	 0.503817677497864 
2176	 0.505147635936737 
2177	 0.506381571292877 
2178	 0.507629811763763 
2179	 0.508764505386353 
2180	 0.509658932685852 
2181	 0.510366141796112 
2182	 0.510903716087341 
2183	 0.511356770992279 
2184	 0.51178240776062 
2185	 0.512115597724915 
2186	 0.512441575527191 
2187	 0.512925386428833 
2188	 0.513557076454163 
2189	 0.51440554857254 
2190	 0.51535427570343 
2191	 0.516417920589447 
2192	 0.517650485038757 
2193	 0.518856823444366 
2194	 0.52009904384613 
2195	 0.521272599697113 
2196	 0.522337257862091 
2197	 0.523332059383392 
2198	 0.524197816848755 
2199	 0.52491295337677 
2200	 0.52546352148056 
2201	 0.525808036327362 
2202	 0.526094257831573 
2203	 0.526324450969696 
2204	 0.526421666145325 
2205	 0.526539027690887 
2206	 0.526647686958313 
2207	 0.526886463165283 
2208	 0.527249336242676 
2209	 0.527789533138275 
2210	 0.528549134731293 
2211	 0.529339671134949 
2212	 0.530309200286865 
2213	 0.531254708766937 
2214	 0.532213151454926 
2215	 0.533097982406616 
2216	 0.533797264099121 
2217	 0.534399330615997 
2218	 0.534910023212433 
2219	 0.535414516925812 
2220	 0.535808742046356 
2221	 0.536216616630554 
2222	 0.536555051803589 
2223	 0.536825478076935 
2224	 0.537065088748932 
2225	 0.53715044260025 
2226	 0.537131249904633 
2227	 0.537042260169983 
2228	 0.536871194839478 
2229	 0.536646544933319 
2230	 0.536320865154266 
2231	 0.535954773426056 
2232	 0.535508096218109 
2233	 0.535082519054413 
2234	 0.534596979618073 
2235	 0.534032762050629 
2236	 0.533411979675293 
2237	 0.53264594078064 
2238	 0.531783401966095 
2239	 0.53092497587204 
2240	 0.529883801937103 
2241	 0.528830409049988 
2242	 0.527545273303986 
2243	 0.526208281517029 
2244	 0.524679601192474 
2245	 0.523052513599396 
2246	 0.521273016929626 
2247	 0.519476532936096 
2248	 0.517581343650818 
2249	 0.515530705451965 
2250	 0.513453602790833 
2251	 0.511360943317413 
2252	 0.509254336357117 
2253	 0.507146298885345 
2254	 0.504998326301575 
2255	 0.502716779708862 
2256	 0.500463008880615 
2257	 0.498071938753128 
2258	 0.495611697435379 
2259	 0.49315157532692 
2260	 0.490506619215012 
2261	 0.487892299890518 
2262	 0.485231548547745 
2263	 0.482410341501236 
2264	 0.479556053876877 
2265	 0.476886302232742 
2266	 0.474301934242249 
2267	 0.471760630607605 
2268	 0.469298422336578 
2269	 0.466900944709778 
2270	 0.464748710393906 
2271	 0.462923973798752 
2272	 0.461392104625702 
2273	 0.460131376981735 
2274	 0.459050327539444 
2275	 0.458149939775467 
2276	 0.457578390836716 
2277	 0.457225918769836 
2278	 0.45706632733345 
2279	 0.457030862569809 
2280	 0.457072377204895 
2281	 0.457128673791885 
2282	 0.45716992020607 
2283	 0.457253068685532 
2284	 0.45740133523941 
2285	 0.457518756389618 
2286	 0.457562416791916 
2287	 0.457472175359726 
2288	 0.45729386806488 
2289	 0.45708629488945 
2290	 0.456740975379944 
2291	 0.456287056207657 
2292	 0.455700010061264 
2293	 0.455006927251816 
2294	 0.454139053821564 
2295	 0.453247934579849 
2296	 0.452216535806656 
2297	 0.451122879981995 
2298	 0.450017631053925 
2299	 0.448807716369629 
2300	 0.447645157575607 
2301	 0.446281254291534 
2302	 0.445002168416977 
2303	 0.443599760532379 
2304	 0.442177325487137 
2305	 0.440705060958862 
2306	 0.439291208982468 
2307	 0.437906622886658 
2308	 0.436440408229828 
2309	 0.435058623552322 
2310	 0.433715254068375 
2311	 0.432418167591095 
2312	 0.431191802024841 
2313	 0.430029511451721 
2314	 0.428884029388428 
2315	 0.427784740924835 
2316	 0.426792412996292 
2317	 0.425881892442703 
2318	 0.425078779459 
2319	 0.424140721559525 
2320	 0.423269897699356 
2321	 0.422317892313004 
2322	 0.421409338712692 
2323	 0.420449286699295 
2324	 0.419502109289169 
2325	 0.418569922447205 
2326	 0.41757133603096 
2327	 0.416610926389694 
2328	 0.415682673454285 
2329	 0.414758771657944 
2330	 0.413966327905655 
2331	 0.413125306367874 
2332	 0.412388265132904 
2333	 0.411699891090393 
2334	 0.411157548427582 
2335	 0.410606890916824 
2336	 0.410077571868896 
2337	 0.409618437290192 
2338	 0.40936478972435 
2339	 0.409256398677826 
2340	 0.408960819244385 
2341	 0.408751606941223 
2342	 0.408510595560074 
2343	 0.408508151769638 
2344	 0.408510088920593 
2345	 0.408556401729584 
2346	 0.408505499362946 
2347	 0.408618241548538 
2348	 0.408798277378082 
2349	 0.409045577049255 
2350	 0.409220963716507 
2351	 0.40942171216011 
2352	 0.409701079130173 
2353	 0.409923702478409 
2354	 0.410242676734924 
2355	 0.410574704408646 
2356	 0.411014467477798 
2357	 0.411495000123978 
2358	 0.412114411592484 
2359	 0.412792414426804 
2360	 0.413541197776794 
2361	 0.414261221885681 
2362	 0.414928823709488 
2363	 0.415700852870941 
2364	 0.416300386190414 
2365	 0.416871190071106 
2366	 0.417326033115387 
2367	 0.417765855789185 
2368	 0.418201506137848 
2369	 0.418548583984375 
2370	 0.418928772211075 
2371	 0.419345170259476 
2372	 0.419665485620499 
2373	 0.420007854700089 
2374	 0.420426070690155 
2375	 0.420814573764801 
2376	 0.421262890100479 
2377	 0.421681612730026 
2378	 0.422127276659012 
2379	 0.422606319189072 
2380	 0.423106819391251 
2381	 0.423572778701782 
2382	 0.424061864614487 
2383	 0.424604952335358 
2384	 0.424973875284195 
2385	 0.425332278013229 
2386	 0.425552755594254 
2387	 0.425851941108704 
2388	 0.426039516925812 
2389	 0.42615807056427 
2390	 0.426265180110931 
2391	 0.426393330097198 
2392	 0.426536619663239 
2393	 0.426710098981857 
2394	 0.426889508962631 
2395	 0.427196800708771 
2396	 0.42755588889122 
2397	 0.427970349788666 
2398	 0.428211748600006 
2399	 0.428419917821884 
2400	 0.428676217794418 
2401	 0.428839594125748 
2402	 0.428693115711212 
2403	 0.428547829389572 
2404	 0.428289800882339 
2405	 0.428039044141769 
2406	 0.427588492631912 
2407	 0.427003115415573 
2408	 0.426393419504166 
2409	 0.425841093063354 
2410	 0.425202041864395 
2411	 0.424521118402481 
2412	 0.423757135868073 
2413	 0.422947704792023 
2414	 0.422219902276993 
2415	 0.421383649110794 
2416	 0.420558243989944 
2417	 0.419683963060379 
2418	 0.418778657913208 
2419	 0.417937576770782 
2420	 0.416950017213821 
2421	 0.415911793708801 
2422	 0.414616972208023 
2423	 0.41340959072113 
2424	 0.412099629640579 
2425	 0.410766690969467 
2426	 0.409327924251556 
2427	 0.407847791910172 
2428	 0.406476497650146 
2429	 0.404890656471252 
2430	 0.403395503759384 
2431	 0.401742041110992 
2432	 0.400031447410584 
2433	 0.398216217756271 
2434	 0.396447598934174 
2435	 0.394630610942841 
2436	 0.392926126718521 
2437	 0.391160368919373 
2438	 0.389229118824005 
2439	 0.387393712997437 
2440	 0.385367423295975 
2441	 0.383511692285538 
2442	 0.381402105093002 
2443	 0.379444897174835 
2444	 0.377398252487183 
2445	 0.375469207763672 
2446	 0.373338639736176 
2447	 0.371161371469498 
2448	 0.369047999382019 
2449	 0.36703023314476 
2450	 0.365115642547607 
2451	 0.363200336694717 
2452	 0.361081212759018 
2453	 0.358917951583862 
2454	 0.356612741947174 
2455	 0.354225277900696 
2456	 0.352089017629623 
2457	 0.350010454654694 
2458	 0.347914636135101 
2459	 0.345596134662628 
2460	 0.343586683273315 
2461	 0.341629981994629 
2462	 0.339640229940414 
2463	 0.337570011615753 
2464	 0.335412979125977 
2465	 0.333161562681198 
2466	 0.331174075603485 
2467	 0.329185247421265 
2468	 0.327449053525925 
2469	 0.325537413358688 
2470	 0.323948234319687 
2471	 0.32201611995697 
2472	 0.320318847894669 
2473	 0.318871825933456 
2474	 0.317503243684769 
2475	 0.316040068864822 
2476	 0.314344584941864 
2477	 0.312985241413116 
2478	 0.311968326568604 
2479	 0.31105038523674 
2480	 0.310395568609238 
2481	 0.309695422649384 
2482	 0.309163480997086 
2483	 0.308499246835709 
2484	 0.308168321847916 
2485	 0.307848066091537 
2486	 0.307718515396118 
2487	 0.307488769292831 
2488	 0.307223170995712 
2489	 0.307302683591843 
2490	 0.307334780693054 
2491	 0.307729363441467 
2492	 0.307955145835876 
2493	 0.308347910642624 
2494	 0.308874100446701 
2495	 0.309300154447556 
2496	 0.309685051441193 
2497	 0.31010901927948 
2498	 0.310145795345306 
2499	 0.310733407735825 
2500	 0.311204314231873 
